Alignment_name	No_of_taxa	Alignment_length	Total_matrix_cells	Undetermined_characters	Missing_percent	No_variable_sites	Proportion_variable_sites	Parsimony_informative_sites	Proportion_parsimony_informative	AT_content	GC_content	A	C	G	T	K	M	R	Y	S	W	B	V	H	D	X	N	O	-	?
AHE-L1.fasta	115	1479	170085	14700	8.643	691	0.467	452	0.306	0.422	0.578	36244	53600	36176	29216	1	0	60	73	2	0	2	6	4	1	0	131	0	14569	0
AHE-L10.fasta	121	948	114708	7989	6.965	434	0.458	297	0.313	0.52	0.48	31518	28087	23042	24047	1	0	12	11	0	0	0	0	1	0	0	54	0	7935	0
AHE-L100.fasta	122	1584	193248	15547	8.045	784	0.495	545	0.344	0.535	0.465	49059	48789	33807	45953	1	1	38	51	0	0	1	0	0	1	0	88	0	15459	0
AHE-L101.fasta	111	1434	159174	23383	14.69	926	0.646	625	0.436	0.529	0.471	40122	35867	28031	31669	2	1	57	40	0	0	2	0	0	0	0	638	0	22745	0
AHE-L102.fasta	122	1590	193980	6320	3.258	571	0.359	357	0.225	0.485	0.515	51939	53175	43515	38959	2	3	17	23	0	0	10	5	9	3	0	347	0	5973	0
AHE-L103.fasta	122	1662	202764	23042	11.364	671	0.404	407	0.245	0.584	0.416	57191	37840	36914	47699	0	3	26	37	1	2	3	2	2	2	0	609	0	22433	0
AHE-L104.fasta	122	1272	155184	6368	4.104	495	0.389	354	0.278	0.505	0.495	35645	38079	35608	39427	0	0	31	25	1	0	0	0	0	0	0	76	0	6292	0
AHE-L105.fasta	122	1086	132492	4488	3.387	586	0.54	407	0.375	0.539	0.461	35958	26300	32719	32902	1	1	71	44	1	0	1	4	0	2	0	281	0	4207	0
AHE-L106.fasta	121	1707	206547	17396	8.422	1070	0.627	729	0.427	0.603	0.397	69344	35062	39919	44754	0	1	36	34	1	0	0	0	0	0	0	119	0	17277	0
AHE-L107.fasta	111	891	98901	3760	3.802	600	0.673	433	0.486	0.601	0.399	25966	18023	19893	31207	0	0	33	17	0	0	1	1	0	0	0	58	0	3702	0
AHE-L108.fasta	120	561	67320	1087	1.615	205	0.365	149	0.266	0.503	0.497	16291	17336	15590	16997	0	0	11	8	0	0	0	0	0	0	0	123	0	964	0
AHE-L109.fasta	117	1095	128115	6396	4.992	580	0.53	393	0.359	0.622	0.378	36504	24316	21699	39149	0	0	19	32	0	0	0	0	0	0	0	67	0	6329	0
AHE-L11.fasta	122	1566	191052	20200	10.573	711	0.454	471	0.301	0.508	0.492	47900	42870	41050	38933	1	3	38	33	0	0	6	7	4	7	0	247	0	19953	0
AHE-L110.fasta	120	1548	185760	8381	4.512	836	0.54	576	0.372	0.577	0.423	58721	34682	40402	43491	0	0	38	41	0	0	1	1	2	0	0	83	0	8298	0
AHE-L111.fasta	117	948	110916	9202	8.296	525	0.554	324	0.342	0.581	0.419	27552	20704	21772	31638	0	0	25	23	0	0	0	0	0	0	0	309	0	8893	0
AHE-L112.fasta	119	1206	143514	6582	4.586	628	0.521	416	0.345	0.568	0.432	41264	30226	28889	36477	1	0	47	20	1	3	1	1	1	1	0	167	0	6415	0
AHE-L113.fasta	120	711	85320	4128	4.838	367	0.516	262	0.368	0.467	0.533	16219	22951	20334	21633	0	1	19	31	1	0	0	0	0	3	0	58	0	4070	0
AHE-L114.fasta	120	1209	145080	5753	3.965	568	0.47	436	0.361	0.555	0.445	41288	29850	32153	35992	0	0	16	26	1	0	0	0	1	0	0	77	0	5676	0
AHE-L115.fasta	9	1356	12204	861	7.055	758	0.559	421	0.31	0.323	0.677	1736	4433	3255	1919	0	0	0	0	0	0	0	0	0	0	0	17	0	844	0
AHE-L116.fasta	95	1590	151050	9755	6.458	1034	0.65	693	0.436	0.534	0.466	36956	37174	28784	38320	0	0	28	33	0	0	0	0	0	0	0	74	0	9681	0
AHE-L118.fasta	122	1839	224358	13666	6.091	635	0.345	323	0.176	0.61	0.39	67882	35524	46743	60483	0	0	33	17	1	2	1	1	2	3	0	109	0	13557	0
AHE-L119.fasta	122	1593	194346	6997	3.6	645	0.405	485	0.304	0.564	0.436	54710	38415	43303	50849	0	0	28	42	0	0	1	1	0	0	0	421	0	6576	0
AHE-L12.fasta	122	1626	198372	13240	6.674	866	0.533	528	0.325	0.583	0.417	62505	33548	43721	45310	0	1	28	17	0	0	0	1	1	0	0	159	0	13081	0
AHE-L120.fasta	116	1314	152424	14386	9.438	838	0.638	621	0.473	0.533	0.467	44896	31244	33302	28489	0	2	54	49	0	0	1	0	0	1	0	116	0	14270	0
AHE-L121.fasta	121	1134	137214	15946	11.621	735	0.648	485	0.428	0.457	0.543	29571	35889	29848	25806	0	1	68	79	1	0	0	1	1	3	0	134	0	15812	0
AHE-L122.fasta	16	1119	17904	7715	43.091	464	0.415	296	0.265	0.39	0.61	2159	3084	3115	1817	1	2	3	4	0	0	1	2	0	1	0	2987	0	4728	0
AHE-L123.fasta	120	1497	179640	18119	10.086	781	0.522	457	0.305	0.58	0.42	46168	33729	33992	47549	1	2	35	41	1	1	0	1	0	1	0	562	0	17557	0
AHE-L124.fasta	121	1482	179322	7723	4.307	668	0.451	458	0.309	0.604	0.396	57292	33717	34228	46265	1	1	47	44	1	1	1	1	0	0	0	95	0	7628	0
AHE-L125.fasta	122	1386	169092	7983	4.721	593	0.428	431	0.311	0.519	0.481	46272	40850	36605	37228	0	1	70	82	0	0	0	0	0	1	0	105	0	7878	0
AHE-L126.fasta	121	1575	190575	20019	10.505	745	0.473	521	0.331	0.428	0.572	35491	48330	49305	37308	1	2	46	66	1	0	3	3	0	0	0	136	0	19883	0
AHE-L127.fasta	121	927	112167	1517	1.352	500	0.539	356	0.384	0.595	0.405	34102	23895	20783	31770	0	1	50	48	0	0	0	1	0	0	0	106	0	1411	0
AHE-L128.fasta	120	1800	216000	10122	4.686	841	0.467	571	0.317	0.573	0.427	58481	42349	45593	59297	0	1	71	82	0	1	1	0	2	0	0	111	0	10011	0
AHE-L129.fasta	122	1593	194346	7668	3.946	720	0.452	509	0.32	0.553	0.447	57546	45463	37892	45644	0	0	68	55	0	1	2	2	3	2	0	242	0	7426	0
AHE-L13.fasta	119	846	100674	1289	1.28	287	0.339	193	0.228	0.588	0.412	30347	19645	21337	28028	0	0	10	17	0	0	0	0	1	0	0	59	0	1230	0
AHE-L130.fasta	122	1809	220698	6401	2.9	927	0.512	590	0.326	0.565	0.435	62501	48622	44600	58516	0	0	29	24	0	0	0	1	1	3	0	286	0	6115	0
AHE-L131.fasta	120	1116	133920	13220	9.872	748	0.67	511	0.458	0.569	0.431	37614	25242	26575	31187	0	0	42	37	0	0	1	1	0	1	0	627	0	12593	0
AHE-L132.fasta	108	1293	139644	17492	12.526	791	0.612	553	0.428	0.534	0.466	40056	30627	26153	25237	0	0	36	34	0	0	3	0	5	1	0	327	0	17165	0
AHE-L133.fasta	111	891	98901	8382	8.475	657	0.737	439	0.493	0.561	0.439	30036	20936	18715	20747	0	0	34	49	0	0	0	1	0	1	0	116	0	8266	0
AHE-L135.fasta	122	1773	216306	15530	7.18	894	0.504	588	0.332	0.558	0.442	59719	46938	41734	52292	3	3	28	52	2	0	0	1	3	1	0	78	0	15452	0
AHE-L136.fasta	99	1899	188001	26251	13.963	1216	0.64	870	0.458	0.624	0.376	48733	30939	29804	52205	1	0	34	34	0	0	0	0	0	0	0	351	0	25900	0
AHE-L137.fasta	115	1353	155595	9423	6.056	705	0.521	476	0.352	0.612	0.388	46188	24572	32163	43146	0	0	60	41	1	0	1	0	0	0	0	765	0	8658	0
AHE-L138.fasta	40	471	18840	2167	11.502	237	0.503	97	0.206	0.584	0.416	4536	3837	3094	5200	2	0	1	1	0	0	0	2	0	0	0	75	0	2092	0
AHE-L139.fasta	118	1119	132042	7816	5.919	829	0.741	576	0.515	0.559	0.441	34830	27436	27314	34501	0	0	89	55	0	0	1	0	0	0	0	121	0	7695	0
AHE-L14.fasta	119	1872	222768	21369	9.592	696	0.372	368	0.197	0.616	0.384	69039	34861	42580	54879	2	2	19	17	0	0	0	0	0	0	0	520	0	20849	0
AHE-L141.fasta	108	1485	160380	19558	12.195	947	0.638	622	0.419	0.589	0.411	43681	26328	31392	39302	1	2	54	50	2	1	3	4	2	0	0	312	0	19246	0
AHE-L142.fasta	113	792	89496	10043	11.222	516	0.652	331	0.418	0.614	0.386	26959	14013	16611	21841	0	2	9	16	0	0	1	0	0	1	0	211	0	9832	0
AHE-L143.fasta	119	1365	162435	7582	4.668	814	0.596	531	0.389	0.595	0.405	46360	31006	31604	45810	0	0	40	32	0	1	0	0	0	0	0	89	0	7493	0
AHE-L144.fasta	120	1746	209520	24613	11.747	751	0.43	496	0.284	0.567	0.433	58633	42141	37897	46167	0	1	35	28	0	0	0	2	1	2	0	199	0	24414	0
AHE-L145.fasta	121	1524	184404	8916	4.835	637	0.418	369	0.242	0.503	0.497	49865	48684	38388	38396	7	0	60	43	1	5	13	9	11	6	0	415	0	8501	0
AHE-L146.fasta	121	1764	213444	17882	8.378	938	0.532	681	0.386	0.577	0.423	55219	38811	43952	57530	0	0	24	24	1	0	0	1	0	0	0	46	0	17836	0
AHE-L147.fasta	119	1104	131376	4246	3.232	653	0.591	446	0.404	0.587	0.413	33534	27293	25172	41081	0	0	19	29	1	1	0	0	0	0	0	497	0	3749	0
AHE-L148.fasta	122	1857	226554	11687	5.159	844	0.454	530	0.285	0.547	0.453	57836	57301	40086	59574	0	1	40	24	0	2	1	0	1	1	0	237	0	11450	0
AHE-L149.fasta	120	960	115200	9464	8.215	483	0.503	323	0.336	0.505	0.495	25558	27702	24716	27722	0	0	15	22	0	0	1	0	0	0	0	61	0	9403	0
AHE-L15.fasta	120	1569	188280	24899	13.224	667	0.425	460	0.293	0.52	0.48	51480	39448	38882	33480	0	1	37	51	0	0	1	1	0	0	0	214	0	24685	0
AHE-L150.fasta	108	1641	177228	24810	13.999	1051	0.64	724	0.441	0.51	0.49	36480	35395	39259	41132	0	0	70	72	3	1	5	1	0	0	0	477	0	24333	0
AHE-L151.fasta	117	1467	171639	3581	2.086	779	0.531	564	0.384	0.541	0.459	43224	39800	37274	47698	0	0	32	27	1	1	0	1	0	0	0	77	0	3504	0
AHE-L152.fasta	122	1407	171654	6932	4.038	639	0.454	470	0.334	0.485	0.515	42416	41749	42979	37514	0	2	30	29	0	0	0	1	2	0	0	127	0	6805	0
AHE-L153.fasta	122	1791	218502	21696	9.929	985	0.55	656	0.366	0.568	0.432	59696	41248	43716	52022	1	1	56	60	1	1	0	0	1	3	0	191	0	21505	0
AHE-L155.fasta	121	978	118338	4912	4.151	406	0.415	231	0.236	0.559	0.441	32380	26409	23612	30993	1	1	11	10	0	0	4	1	4	0	0	148	0	4764	0
AHE-L156.fasta	120	1428	171360	13144	7.67	731	0.512	493	0.345	0.567	0.433	49018	35417	33080	40613	6	2	32	22	0	0	4	7	7	8	0	57	0	13087	0
AHE-L157.fasta	122	1698	207156	18903	9.125	887	0.522	601	0.354	0.5	0.5	53131	50438	43673	40900	0	1	37	72	0	0	0	1	0	0	0	421	0	18482	0
AHE-L158.fasta	112	1377	154224	21805	14.139	618	0.449	413	0.3	0.584	0.416	52600	21626	33550	24567	1	0	51	24	0	0	0	0	0	0	0	3803	0	18002	0
AHE-L159.fasta	120	1827	219240	13075	5.964	814	0.446	578	0.316	0.544	0.456	62480	43608	50554	49436	1	0	36	50	0	0	0	0	0	0	0	198	0	12877	0
AHE-L16.fasta	121	1470	177870	15922	8.951	751	0.511	569	0.387	0.53	0.47	38336	37975	37991	47540	0	0	54	51	1	0	0	0	0	0	0	107	0	15815	0
AHE-L160.fasta	121	1584	191664	13861	7.232	777	0.491	478	0.302	0.579	0.421	58852	38979	35829	44033	1	0	32	66	0	1	1	4	3	2	0	228	0	13633	0
AHE-L161.fasta	122	1530	186660	9149	4.901	664	0.434	411	0.269	0.494	0.506	47608	51314	38415	40130	0	0	20	22	0	0	0	0	2	0	0	77	0	9072	0
AHE-L162.fasta	85	783	66555	7471	11.225	455	0.581	276	0.352	0.521	0.479	11897	15658	12324	18541	0	1	317	346	0	0	0	0	0	0	0	1492	0	5979	0
AHE-L163.fasta	118	1368	161424	9377	5.809	947	0.692	658	0.481	0.55	0.45	45122	34925	33500	38439	0	0	33	26	0	0	0	0	0	2	0	176	0	9201	0
AHE-L164.fasta	122	1710	208620	5703	2.734	676	0.395	436	0.255	0.581	0.419	60303	47525	37436	57500	2	7	50	50	6	9	7	7	9	6	0	159	0	5544	0
AHE-L165.fasta	121	1215	147015	2587	1.76	587	0.483	377	0.31	0.562	0.438	42817	29963	33211	38384	1	0	19	30	0	0	0	1	2	0	0	41	0	2546	0
AHE-L166.fasta	105	1410	148050	16806	11.352	931	0.66	624	0.443	0.58	0.42	41181	27054	28032	34887	0	2	41	42	0	2	0	1	1	1	0	997	0	15809	0
AHE-L167.fasta	119	1698	202062	27669	13.693	915	0.539	608	0.358	0.598	0.402	58262	31604	38457	45996	0	1	34	39	0	0	0	0	0	0	0	329	0	27340	0
AHE-L169.fasta	118	1116	131688	3085	2.343	536	0.48	398	0.357	0.553	0.447	34228	30873	26552	36863	0	0	27	51	1	0	2	2	1	3	0	47	0	3038	0
AHE-L17.fasta	122	1626	198372	8015	4.04	654	0.402	476	0.293	0.515	0.485	49029	45731	46579	48936	0	2	34	40	1	0	2	2	0	1	0	74	0	7941	0
AHE-L170.fasta	121	1557	188397	9829	5.217	610	0.392	405	0.26	0.621	0.379	62268	29758	37979	48495	0	0	39	28	0	1	0	0	0	0	0	171	0	9658	0
AHE-L171.fasta	121	981	118701	21076	17.756	433	0.441	277	0.282	0.516	0.484	29550	25768	21384	20879	0	0	17	25	0	0	1	1	0	0	0	86	0	20990	0
AHE-L172.fasta	121	1734	209814	13815	6.584	671	0.387	382	0.22	0.607	0.393	63406	33643	43306	55600	1	2	21	20	0	0	0	0	0	0	0	315	0	13500	0
AHE-L173.fasta	106	1560	165360	70768	42.796	974	0.624	554	0.355	0.591	0.409	28995	18052	20284	27225	0	0	18	17	0	0	1	0	0	0	0	3423	0	67345	0
AHE-L174.fasta	121	1602	193842	20959	10.812	1049	0.655	692	0.432	0.533	0.467	48110	44932	35643	44083	3	0	72	38	0	0	1	0	1	0	0	179	0	20780	0
AHE-L175.fasta	121	1632	197472	10948	5.544	784	0.48	507	0.311	0.545	0.455	55312	46999	37871	46275	2	1	27	31	1	0	1	1	1	2	0	83	0	10865	0
AHE-L176.fasta	122	1818	221796	15523	6.999	855	0.47	537	0.295	0.563	0.437	64806	46120	44114	51166	1	0	30	33	0	1	0	0	1	1	0	235	0	15288	0
AHE-L177.fasta	122	1533	187026	21682	11.593	753	0.491	481	0.314	0.598	0.402	49804	30122	36275	49023	2	5	42	45	3	4	7	2	4	6	0	114	0	21568	0
AHE-L178.fasta	122	951	116022	1932	1.665	336	0.353	254	0.267	0.505	0.495	25857	31808	24584	31805	1	0	14	16	0	0	1	2	2	0	0	137	0	1795	0
AHE-L179.fasta	120	1719	206280	12760	6.186	1069	0.622	732	0.426	0.579	0.421	62609	40095	41368	49368	1	1	40	37	1	0	0	0	0	0	0	154	0	12606	0
AHE-L18.fasta	120	1629	195480	32980	16.871	689	0.423	492	0.302	0.447	0.553	39128	43316	46419	33585	1	1	35	13	0	1	1	0	0	0	0	311	0	32669	0
AHE-L180.fasta	118	1911	225498	19878	8.815	1039	0.544	651	0.341	0.591	0.409	78906	33983	50021	42645	1	0	37	26	0	0	0	0	0	1	0	66	0	19812	0
AHE-L181.fasta	118	1722	203196	23987	11.805	938	0.545	620	0.36	0.583	0.417	60673	36336	38635	43474	0	1	61	28	1	0	0	0	0	0	0	365	0	23622	0
AHE-L182.fasta	121	1521	184041	17907	9.73	509	0.335	282	0.185	0.53	0.47	44461	37005	40972	43619	2	2	24	19	0	2	6	9	5	8	0	537	0	17370	0
AHE-L183.fasta	117	1977	231309	87056	37.636	1402	0.709	675	0.341	0.547	0.453	41800	30167	34891	37337	0	0	29	28	0	0	0	0	0	1	0	4391	0	82665	0
AHE-L184.fasta	113	1743	196959	20645	10.482	821	0.471	517	0.297	0.406	0.594	40247	57469	47338	31091	0	5	47	72	10	3	13	7	7	5	0	233	0	20412	0
AHE-L185.fasta	122	1575	192150	10653	5.544	638	0.405	408	0.259	0.55	0.45	55346	45871	35724	44471	2	4	33	31	1	3	1	3	5	2	0	259	0	10394	0
AHE-L186.fasta	35	1305	45675	17803	38.978	691	0.53	438	0.336	0.381	0.619	4951	9343	7566	6007	0	0	2	0	0	0	1	1	1	0	0	7	0	17796	0
AHE-L187.fasta	121	1356	164076	9771	5.955	750	0.553	471	0.347	0.522	0.478	44281	38193	35503	36233	0	0	46	49	0	0	0	0	0	0	0	355	0	9416	0
AHE-L188.fasta	111	1881	208791	23810	11.404	916	0.487	675	0.359	0.477	0.523	51471	54891	42258	36195	0	2	92	70	0	1	0	1	0	0	0	309	0	23501	0
AHE-L189.fasta	122	1632	199104	10984	5.517	834	0.511	533	0.327	0.582	0.418	57836	43356	35347	51446	0	1	62	69	1	0	0	0	0	2	0	78	0	10906	0
AHE-L19.fasta	121	1353	163713	4001	2.444	464	0.343	308	0.228	0.533	0.467	41613	37451	37047	43495	4	8	24	42	0	2	8	4	9	5	0	139	0	3862	0
AHE-L190.fasta	118	960	113280	8419	7.432	497	0.518	314	0.327	0.581	0.419	30658	22174	21755	30201	0	0	31	41	0	0	0	1	0	0	0	213	0	8206	0
AHE-L191.fasta	121	1236	149556	5425	3.627	756	0.612	551	0.446	0.578	0.422	43394	29819	30920	39887	0	0	47	63	0	0	0	0	1	0	0	166	0	5259	0
AHE-L192.fasta	122	1659	202398	17063	8.43	893	0.538	618	0.373	0.495	0.505	52425	50113	43216	39428	0	1	79	65	0	0	1	3	2	2	0	162	0	16901	0
AHE-L193.fasta	120	1191	142920	3000	2.099	559	0.469	428	0.359	0.526	0.474	36285	33793	32415	37362	0	0	16	46	0	0	1	0	0	2	0	85	0	2915	0
AHE-L194.fasta	18	1152	20736	2582	12.452	480	0.417	266	0.231	0.327	0.673	3623	5972	6209	2289	5	2	13	4	15	2	9	10	1	0	0	30	0	2552	0
AHE-L195.fasta	27	1263	34101	11723	34.377	545	0.432	322	0.255	0.303	0.697	4006	7601	7848	2913	0	0	4	1	4	0	1	0	0	0	0	6	0	11717	0
AHE-L196.fasta	115	1563	179745	47844	26.618	1080	0.691	687	0.44	0.521	0.479	31182	33651	29129	37846	1	0	40	49	2	0	1	0	0	0	0	744	0	47100	0
AHE-L197.fasta	121	1056	127776	8469	6.628	580	0.549	367	0.348	0.543	0.457	30448	31981	22561	34223	2	1	39	47	0	1	2	1	1	0	0	129	0	8340	0
AHE-L198.fasta	119	780	92820	4540	4.891	449	0.576	300	0.385	0.572	0.428	26467	18594	19126	24052	0	0	25	16	0	0	0	0	0	0	0	100	0	4440	0
AHE-L199.fasta	94	1305	122670	10852	8.846	925	0.709	626	0.48	0.576	0.424	36439	22999	24344	27938	1	1	56	33	3	1	2	1	0	0	0	154	0	10698	0
AHE-L2.fasta	102	1569	160038	23970	14.978	627	0.4	429	0.273	0.436	0.564	33194	43217	33564	25964	1	2	53	62	4	1	2	1	0	3	0	970	0	23000	0
AHE-L20.fasta	121	1146	138666	1996	1.439	400	0.349	309	0.27	0.511	0.489	32705	32520	34289	37098	0	0	23	34	0	1	0	0	0	0	0	161	0	1835	0
AHE-L200.fasta	122	1671	203862	9836	4.825	634	0.379	380	0.227	0.538	0.462	57558	45983	43683	46709	1	2	45	37	0	0	2	3	1	2	0	303	0	9533	0
AHE-L201.fasta	122	1632	199104	13474	6.767	556	0.341	313	0.192	0.5	0.5	52211	53792	38916	40583	1	7	28	35	2	7	13	17	11	7	0	833	0	12641	0
AHE-L202.fasta	121	1650	199650	16338	8.183	444	0.269	277	0.168	0.521	0.479	52243	44488	43237	43281	2	2	22	32	1	0	1	1	2	0	0	79	0	16259	0
AHE-L203.fasta	121	1863	225423	27956	12.402	691	0.371	465	0.25	0.514	0.486	50892	45101	51370	50011	0	0	27	65	0	0	0	1	0	0	0	93	0	27863	0
AHE-L204.fasta	95	753	71535	9542	13.339	433	0.575	196	0.26	0.625	0.375	18087	12265	11045	20581	0	0	5	9	0	1	0	0	0	0	0	575	0	8967	0
AHE-L205.fasta	122	1851	225822	15382	6.812	719	0.388	487	0.263	0.566	0.434	69211	49169	42042	49865	2	4	61	61	2	9	5	4	4	1	0	103	0	15279	0
AHE-L206.fasta	122	1662	202764	5137	2.533	633	0.381	450	0.271	0.56	0.44	57758	41884	45005	52916	0	0	36	25	0	0	1	0	2	0	0	68	0	5069	0
AHE-L207.fasta	122	1620	197640	8111	4.104	719	0.444	534	0.33	0.522	0.478	56220	51441	39209	42570	1	0	35	47	0	1	1	1	2	1	0	86	0	8025	0
AHE-L208.fasta	122	1767	215574	18616	8.636	982	0.556	705	0.399	0.504	0.496	59159	52884	44675	40108	0	1	59	69	0	1	0	1	0	1	0	88	0	18528	0
AHE-L209.fasta	120	1338	160560	6472	4.031	771	0.576	565	0.422	0.548	0.452	42318	36198	33332	42155	0	1	34	45	1	1	0	1	0	2	0	487	0	5985	0
AHE-L21.fasta	120	810	97200	3227	3.32	369	0.456	272	0.336	0.525	0.475	24354	22406	22224	24957	0	0	18	14	0	0	0	0	0	0	0	121	0	3106	0
AHE-L210.fasta	121	1593	192753	7811	4.052	719	0.451	458	0.288	0.594	0.406	44777	37427	37679	65003	1	0	18	36	0	0	0	0	1	0	0	52	0	7759	0
AHE-L211.fasta	122	1794	218868	16186	7.395	908	0.506	622	0.347	0.549	0.451	65258	39516	52066	45749	1	0	52	39	0	0	1	0	0	0	0	83	0	16103	0
AHE-L212.fasta	121	1833	221793	26785	12.077	1119	0.61	769	0.42	0.559	0.441	57178	43416	42111	52150	1	1	76	71	0	0	2	0	2	0	0	1099	0	25686	0
AHE-L213.fasta	118	1092	128856	12431	9.647	539	0.494	389	0.356	0.432	0.568	22234	33380	32754	27970	0	0	39	47	0	0	0	1	0	0	0	601	0	11830	0
AHE-L214.fasta	120	1554	186480	13000	6.971	1071	0.689	705	0.454	0.57	0.43	48234	44050	30578	50543	1	1	42	31	0	0	0	0	0	0	0	282	0	12718	0
AHE-L215.fasta	91	1353	123123	45987	37.35	596	0.441	384	0.284	0.507	0.493	19401	22015	16117	19567	2	2	5	12	2	0	5	4	2	2	0	191	0	45796	0
AHE-L216.fasta	15	1587	23805	3523	14.799	1010	0.636	639	0.403	0.337	0.663	2358	6868	6657	4381	1	0	1	6	2	0	3	4	0	1	0	21	0	3502	0
AHE-L218.fasta	96	1212	116352	13432	11.544	818	0.675	523	0.432	0.549	0.451	27446	20727	25623	29020	3	0	51	43	1	0	1	3	1	1	0	181	0	13251	0
AHE-L219.fasta	122	1596	194712	9271	4.761	770	0.482	505	0.316	0.531	0.469	55036	45882	41164	43255	0	0	44	56	0	0	0	1	1	2	0	92	0	9179	0
AHE-L22.fasta	122	1350	164700	3888	2.361	561	0.416	377	0.279	0.463	0.537	38155	47038	39240	36284	1	3	21	28	1	0	8	14	10	9	0	37	0	3851	0
AHE-L220.fasta	121	1230	148830	2183	1.467	517	0.42	365	0.297	0.554	0.446	40981	29776	35528	40326	0	0	21	15	0	0	0	0	0	0	0	39	0	2144	0
AHE-L221.fasta	122	1818	221796	16436	7.41	844	0.464	501	0.276	0.612	0.388	69398	39239	40539	56098	0	0	48	37	0	0	0	0	0	1	0	508	0	15928	0
AHE-L222.fasta	122	1434	174948	4356	2.49	600	0.418	448	0.312	0.54	0.46	50186	39596	38831	41912	0	0	27	40	0	0	0	0	0	0	0	68	0	4288	0
AHE-L223.fasta	36	720	25920	10553	40.714	360	0.5	180	0.25	0.655	0.345	5391	2963	2298	4714	0	1	0	0	0	0	0	0	0	0	0	56	0	10497	0
AHE-L224.fasta	122	1086	132492	3683	2.78	434	0.4	318	0.293	0.512	0.488	32462	31516	31304	33439	1	0	44	43	0	0	0	0	0	0	0	76	0	3607	0
AHE-L225.fasta	122	1854	226188	12490	5.522	675	0.364	475	0.256	0.545	0.455	60343	49997	47140	56070	3	4	65	49	1	0	6	10	7	3	0	111	0	12379	0
AHE-L226.fasta	122	1425	173850	7632	4.39	855	0.6	568	0.399	0.538	0.462	42727	36375	40354	46659	1	2	51	45	0	0	0	2	1	1	0	647	0	6985	0
AHE-L227.fasta	90	1569	141210	18664	13.217	698	0.445	505	0.322	0.387	0.613	25612	35182	39918	21607	0	2	87	124	3	0	6	4	0	1	0	377	0	18287	0
AHE-L228.fasta	43	1098	47214	8250	17.474	537	0.489	315	0.287	0.356	0.644	5580	14396	10630	8318	1	2	3	4	7	0	10	12	0	1	0	27	0	8223	0
AHE-L229.fasta	122	1524	185928	25012	13.453	751	0.493	599	0.393	0.464	0.536	38987	40613	45491	35636	2	2	73	98	3	0	8	2	0	1	0	123	0	24889	0
AHE-L23.fasta	89	1563	139107	12550	9.022	758	0.485	546	0.349	0.381	0.619	27406	45919	32299	20864	0	6	22	30	2	1	4	3	0	1	0	192	0	12358	0
AHE-L230.fasta	113	1554	175602	29323	16.699	914	0.588	702	0.452	0.439	0.561	39743	38288	43352	24581	0	1	144	168	0	1	0	1	0	0	0	338	0	28985	0
AHE-L231.fasta	119	1014	120666	4511	3.738	454	0.448	293	0.289	0.508	0.492	33131	27684	29491	25763	1	4	43	24	1	2	5	2	2	2	0	296	0	4215	0
AHE-L232.fasta	121	1593	192753	11767	6.105	817	0.513	560	0.352	0.528	0.472	53304	43239	42252	42063	1	1	70	46	2	1	1	1	4	1	0	193	0	11574	0
AHE-L233.fasta	117	828	96876	3825	3.948	449	0.542	334	0.403	0.484	0.516	25011	27729	20223	20028	0	0	29	27	1	0	0	0	2	1	0	123	0	3702	0
AHE-L234.fasta	109	1347	146823	12811	8.725	819	0.608	571	0.424	0.541	0.459	37661	31174	30288	34750	1	0	60	68	2	1	4	2	1	0	0	287	0	12524	0
AHE-L235.fasta	99	966	95634	7071	7.394	693	0.717	458	0.474	0.533	0.467	25680	20138	21120	21535	0	0	51	35	1	1	0	1	0	1	0	162	0	6909	0
AHE-L236.fasta	122	1623	198006	11557	5.837	630	0.388	378	0.233	0.579	0.421	60784	44711	33712	47172	1	1	30	32	1	1	2	0	1	1	0	48	0	11509	0
AHE-L237.fasta	116	1497	173652	35635	20.521	1095	0.731	760	0.508	0.547	0.453	42910	35379	27226	32328	0	1	98	73	1	0	0	0	1	0	0	170	0	35465	0
AHE-L238.fasta	110	1680	184800	40361	21.84	856	0.51	540	0.321	0.375	0.625	24241	49678	41005	29466	0	1	16	27	1	0	1	1	1	1	0	813	0	39548	0
AHE-L239.fasta	120	1899	227880	14641	6.425	734	0.387	395	0.208	0.572	0.428	74016	42648	48461	48053	0	0	32	29	0	0	0	0	0	0	0	86	0	14555	0
AHE-L24.fasta	121	1476	178596	4461	2.498	773	0.524	569	0.386	0.525	0.475	59145	37816	44798	32293	0	0	49	34	0	0	0	0	0	0	0	144	0	4317	0
AHE-L240.fasta	122	1902	232044	28236	12.168	1055	0.555	718	0.377	0.497	0.503	57572	57509	44892	43750	0	1	44	35	1	0	1	1	1	1	0	100	0	28136	0
AHE-L241.fasta	122	1377	167994	12275	7.307	800	0.581	479	0.348	0.593	0.407	50213	37034	26373	42023	0	1	34	25	2	3	2	3	2	4	0	195	0	12080	0
AHE-L242.fasta	118	1560	184080	23625	12.834	878	0.563	611	0.392	0.437	0.563	38443	54048	36118	31737	0	2	62	41	1	1	0	1	0	1	0	142	0	23483	0
AHE-L243.fasta	121	1479	178959	22606	12.632	660	0.446	435	0.294	0.513	0.487	38871	37240	38753	41432	0	0	25	31	0	0	0	1	0	0	0	286	0	22320	0
AHE-L244.fasta	119	900	107100	9217	8.606	490	0.544	327	0.363	0.581	0.419	29991	18952	21986	26898	0	0	17	38	0	0	0	0	1	0	0	554	0	8663	0
AHE-L245.fasta	122	1671	203862	13194	6.472	699	0.418	489	0.293	0.502	0.498	52755	54826	39958	42984	4	2	46	53	3	3	13	10	7	4	0	106	0	13088	0
AHE-L246.fasta	116	1242	144072	30206	20.966	569	0.458	251	0.202	0.638	0.362	36202	18473	22619	36513	0	0	27	32	0	0	0	0	0	0	0	1546	0	28660	0
AHE-L247.fasta	109	1359	148131	18513	12.498	796	0.586	411	0.302	0.52	0.48	35227	34734	27606	31943	0	0	51	57	0	0	0	0	0	0	0	155	0	18358	0
AHE-L248.fasta	120	1344	161280	12691	7.869	857	0.638	594	0.442	0.512	0.488	44723	36818	35677	31331	0	2	15	19	0	1	0	1	2	0	0	47	0	12644	0
AHE-L25.fasta	121	1446	174966	24366	13.926	792	0.548	545	0.377	0.592	0.408	37528	31112	30299	51583	0	0	35	40	1	0	1	1	0	0	0	180	0	24186	0
AHE-L250.fasta	122	2145	261690	25769	9.847	1082	0.504	730	0.34	0.545	0.455	75563	52628	54525	53065	1	0	68	69	1	0	0	1	0	0	0	182	0	25587	0
AHE-L251.fasta	118	1836	216648	19626	9.059	1174	0.639	691	0.376	0.515	0.485	44616	43872	51590	56741	10	3	74	72	1	5	12	9	8	9	0	1245	0	18381	0
AHE-L252.fasta	118	1683	198594	18900	9.517	278	0.165	60	0.036	0.607	0.393	59391	34033	36501	49691	0	0	39	37	0	1	0	1	0	0	0	2801	0	16099	0
AHE-L253.fasta	118	1704	201072	26943	13.4	661	0.388	305	0.179	0.639	0.361	52839	28914	33633	58672	2	1	27	39	0	1	0	0	1	0	0	2530	0	24413	0
AHE-L254.fasta	120	1641	196920	28191	14.316	1060	0.646	740	0.451	0.574	0.426	60413	36990	34968	36250	0	0	69	35	2	1	1	0	0	0	0	160	0	28031	0
AHE-L256.fasta	114	588	67032	3772	5.627	245	0.417	138	0.235	0.602	0.398	19072	12014	13181	18970	0	0	11	12	0	0	0	0	0	0	0	579	0	3193	0
AHE-L257.fasta	122	1197	146034	11414	7.816	796	0.665	504	0.421	0.58	0.42	42619	28346	28032	35538	0	0	49	35	1	0	0	0	0	0	0	1574	0	9840	0
AHE-L259.fasta	121	1668	201828	9683	4.798	795	0.477	555	0.333	0.549	0.451	58374	40178	46414	47053	2	1	41	78	0	0	3	0	0	1	0	174	0	9509	0
AHE-L26.fasta	119	900	107100	9742	9.096	557	0.619	397	0.441	0.461	0.539	26375	29269	23155	18529	0	1	12	17	0	0	0	0	0	0	0	101	0	9641	0
AHE-L260.fasta	122	1884	229848	13668	5.947	625	0.332	434	0.23	0.536	0.464	60716	47524	52752	55135	0	1	23	26	0	0	1	1	0	1	0	225	0	13443	0
AHE-L261.fasta	122	1407	171654	8342	4.86	672	0.478	508	0.361	0.49	0.51	40971	41247	41928	39096	1	0	25	27	1	2	5	6	2	1	0	366	0	7976	0
AHE-L262.fasta	40	171	6840	86	1.257	65	0.38	44	0.257	0.497	0.503	2136	1227	2171	1220	0	0	0	0	0	0	0	0	0	0	0	12	0	74	0
AHE-L263.fasta	87	819	71253	4977	6.985	427	0.521	285	0.348	0.436	0.564	14942	21318	16055	13937	0	0	15	9	0	0	0	0	0	0	0	488	0	4489	0
AHE-L264.fasta	120	870	104400	1167	1.118	395	0.454	299	0.344	0.52	0.48	26301	24928	24550	27413	0	0	11	24	0	0	3	0	2	1	0	82	0	1085	0
AHE-L265.fasta	122	1410	172020	16673	9.692	576	0.409	306	0.217	0.5	0.5	38539	40209	37372	39157	0	1	21	25	0	3	7	5	5	3	0	77	0	16596	0
AHE-L266.fasta	122	654	79788	6717	8.419	221	0.338	116	0.177	0.537	0.463	21164	18981	14828	18056	2	1	11	19	1	0	1	2	4	1	0	270	0	6447	0
AHE-L267.fasta	121	1926	233046	13663	5.863	818	0.425	508	0.264	0.558	0.442	71326	49805	47160	50963	3	5	45	49	1	3	4	6	9	4	0	104	0	13559	0
AHE-L268.fasta	104	1380	143520	8833	6.155	964	0.699	735	0.533	0.521	0.479	35096	34905	29553	35000	2	2	63	59	1	0	3	0	2	1	0	277	0	8556	0
AHE-L269.fasta	122	1623	198006	3397	1.716	646	0.398	519	0.32	0.518	0.482	55418	47831	45880	45370	0	0	45	58	0	0	1	0	3	3	0	73	0	3324	0
AHE-L27.fasta	117	834	97578	2798	2.867	414	0.496	283	0.339	0.597	0.403	33228	18942	19204	23377	0	0	16	13	0	0	0	0	0	0	0	50	0	2748	0
AHE-L270.fasta	121	1209	146289	11409	7.799	593	0.49	440	0.364	0.52	0.48	38657	30777	33960	31404	0	2	34	41	0	1	2	0	2	0	0	87	0	11322	0
AHE-L271.fasta	120	1353	162360	6886	4.241	526	0.389	380	0.281	0.496	0.504	35970	37719	40582	41137	1	0	34	29	0	0	0	1	0	1	0	226	0	6660	0
AHE-L272.fasta	120	1452	174240	36947	21.205	814	0.561	547	0.377	0.493	0.507	36325	39118	30421	31227	0	2	69	123	1	0	2	1	2	2	0	864	0	36083	0
AHE-L273.fasta	122	1863	227286	14249	6.269	863	0.463	610	0.327	0.54	0.46	59195	46803	51196	55656	0	1	77	100	0	1	4	2	1	1	0	108	0	14141	0
AHE-L274.fasta	121	921	111441	10479	9.403	533	0.579	370	0.402	0.462	0.538	27757	27698	26489	18962	1	0	29	23	0	1	0	1	0	1	0	196	0	10283	0
AHE-L275.fasta	122	1437	175314	20489	11.687	884	0.615	618	0.43	0.509	0.491	46480	43328	32746	32205	0	0	36	28	0	0	0	0	1	1	0	79	0	20410	0
AHE-L276.fasta	122	1584	193248	8123	4.203	677	0.427	428	0.27	0.546	0.454	53729	44077	39840	47432	0	3	25	17	0	0	1	1	0	0	0	235	0	7888	0
AHE-L278.fasta	96	1344	129024	21375	16.567	775	0.577	586	0.436	0.449	0.551	29252	31597	27809	18899	0	0	30	61	0	0	0	0	1	0	0	194	0	21181	0
AHE-L279.fasta	71	1776	126096	23337	18.507	892	0.502	670	0.377	0.4	0.6	23900	31211	30398	17206	0	0	24	17	0	0	1	1	1	0	0	99	0	23238	0
AHE-L28.fasta	121	1443	174603	5734	3.284	619	0.429	401	0.278	0.563	0.437	51845	38717	34938	43275	0	1	30	55	0	3	0	0	4	1	0	206	0	5528	0
AHE-L280.fasta	110	537	59070	10163	17.205	215	0.4	102	0.19	0.574	0.426	14853	11307	9522	13200	0	0	16	9	0	0	0	0	0	0	0	295	0	9868	0
AHE-L281.fasta	103	1485	152955	20641	13.495	886	0.597	621	0.418	0.412	0.588	30107	43027	34775	24271	0	0	57	74	1	0	0	0	2	0	0	228	0	20413	0
AHE-L282.fasta	120	1134	136080	21369	15.703	717	0.632	519	0.458	0.467	0.533	28883	30502	30387	24863	1	0	32	40	0	0	1	1	1	0	0	464	0	20905	0
AHE-L283.fasta	105	1662	174510	15469	8.864	625	0.376	422	0.254	0.388	0.612	33797	56089	41168	27867	1	1	38	42	5	0	13	10	7	3	0	105	0	15364	0
AHE-L284.fasta	120	1656	198720	13372	6.729	538	0.325	405	0.245	0.471	0.529	48944	53090	44980	38195	2	3	27	55	3	2	11	6	20	10	0	302	0	13070	0
AHE-L285.fasta	121	1107	133947	3487	2.603	471	0.425	337	0.304	0.542	0.458	45670	27164	32499	25052	0	0	38	37	0	0	0	0	0	0	0	69	0	3418	0
AHE-L286.fasta	46	747	34362	5790	16.85	370	0.495	266	0.356	0.346	0.654	4673	10645	8154	5096	0	0	1	0	1	0	2	0	0	0	0	27	0	5763	0
AHE-L287.fasta	111	1632	181152	40386	22.294	1009	0.618	690	0.423	0.584	0.416	45691	26953	30371	37612	0	1	61	73	0	1	1	1	0	1	0	576	0	39810	0
AHE-L288.fasta	122	1497	182634	5986	3.278	532	0.355	380	0.254	0.57	0.43	47902	38512	37347	52725	3	6	60	72	1	4	2	3	9	2	0	96	0	5890	0
AHE-L289.fasta	120	1617	194040	9132	4.706	598	0.37	445	0.275	0.526	0.474	53134	40977	46590	43975	4	2	109	111	0	1	1	3	0	1	0	186	0	8946	0
AHE-L29.fasta	111	1338	148518	31839	21.438	1029	0.769	709	0.53	0.551	0.449	37454	25496	26805	26674	0	0	134	114	0	0	0	1	0	1	0	4549	0	27290	0
AHE-L290.fasta	120	1476	177120	21045	11.882	946	0.641	632	0.428	0.577	0.423	47407	31570	34340	42645	0	0	72	40	0	1	0	0	0	0	0	88	0	20957	0
AHE-L291.fasta	122	1224	149328	9331	6.249	582	0.475	396	0.324	0.54	0.46	43657	29160	35280	31830	0	0	29	36	0	0	3	0	1	1	0	142	0	9189	0
AHE-L292.fasta	68	1356	92208	24270	26.321	893	0.659	477	0.352	0.538	0.462	17870	14858	16236	18884	0	0	41	49	0	0	0	0	0	0	0	2421	0	21849	0
AHE-L293.fasta	44	774	34056	4412	12.955	367	0.474	257	0.332	0.382	0.618	7344	9452	8859	3979	0	1	3	2	0	0	1	2	1	0	0	28	0	4384	0
AHE-L294.fasta	95	1200	114000	11384	9.986	695	0.579	513	0.427	0.44	0.56	25572	27530	29770	19629	0	0	52	59	0	0	0	3	0	1	0	378	0	11006	0
AHE-L295.fasta	120	1707	204840	12334	6.021	741	0.434	499	0.292	0.608	0.392	59317	33814	41746	57589	0	0	15	25	0	0	0	0	0	0	0	223	0	12111	0
AHE-L296.fasta	120	1488	178560	6287	3.521	750	0.504	500	0.336	0.597	0.403	53787	31988	37334	49119	0	1	26	18	0	0	0	0	0	0	0	69	0	6218	0
AHE-L297.fasta	122	1059	129198	2387	1.848	417	0.394	282	0.266	0.542	0.458	28558	33928	24187	40116	1	0	7	12	0	0	0	1	0	1	0	216	0	2171	0
AHE-L298.fasta	120	1413	169560	8350	4.925	902	0.638	621	0.439	0.541	0.459	50448	35282	38718	36663	0	0	45	51	0	1	1	1	0	0	0	247	0	8103	0
AHE-L299.fasta	122	1809	220698	17595	7.972	924	0.511	633	0.35	0.497	0.503	50087	50808	51397	50671	1	1	54	71	3	0	4	2	1	3	0	331	0	17264	0
AHE-L3.fasta	119	1584	188496	26211	13.905	850	0.537	664	0.419	0.48	0.52	48461	40798	43499	29324	0	0	105	95	0	0	0	2	1	0	0	210	0	26001	0
AHE-L30.fasta	121	1629	197109	10439	5.296	561	0.344	305	0.187	0.592	0.408	57748	38362	37713	52798	0	1	19	20	1	0	0	0	4	4	0	112	0	10327	0
AHE-L300.fasta	118	1659	195762	25727	13.142	956	0.576	633	0.382	0.612	0.388	54834	33900	32062	49137	0	0	65	36	0	1	0	0	0	0	0	81	0	25646	0
AHE-L301.fasta	98	1830	179340	46828	26.111	671	0.367	506	0.277	0.37	0.63	25991	45380	38333	22721	2	2	13	53	6	1	4	3	3	0	0	291	0	46537	0
AHE-L302.fasta	113	921	104073	4726	4.541	461	0.501	339	0.368	0.491	0.509	26031	31799	18693	22757	0	0	31	36	0	0	0	0	0	0	0	52	0	4674	0
AHE-L303.fasta	122	1665	203130	10338	5.089	783	0.47	587	0.353	0.563	0.437	64901	44352	40059	43384	0	1	44	45	1	2	1	0	2	0	0	880	0	9458	0
AHE-L304.fasta	103	921	94863	4249	4.479	585	0.635	395	0.429	0.56	0.44	20572	21770	18048	30144	0	0	33	44	0	0	0	0	2	1	0	67	0	4182	0
AHE-L305.fasta	121	1614	195294	16151	8.27	397	0.246	200	0.124	0.554	0.446	51322	36492	43364	47927	1	0	27	9	0	0	0	1	0	0	0	431	0	15720	0
AHE-L306.fasta	117	1572	183924	17709	9.628	624	0.397	409	0.26	0.471	0.529	42421	48334	39897	35382	6	4	58	64	0	3	17	14	8	7	0	1615	0	16094	0
AHE-L307.fasta	122	1335	162870	8752	5.374	721	0.54	534	0.4	0.539	0.461	45490	33923	37027	37580	1	0	51	37	3	0	0	2	1	3	0	245	0	8507	0
AHE-L308.fasta	104	1059	110136	26279	23.86	671	0.634	485	0.458	0.435	0.565	21316	23507	23960	14978	0	0	47	48	0	0	0	1	0	0	0	226	0	26053	0
AHE-L309.fasta	114	1350	153900	2392	1.554	501	0.371	357	0.264	0.525	0.475	40799	32598	39402	38634	0	0	39	36	0	0	0	0	0	0	0	81	0	2311	0
AHE-L31.fasta	119	1641	195279	14515	7.433	846	0.516	598	0.364	0.558	0.442	59981	39321	40650	40711	2	1	58	36	0	1	1	1	0	1	0	655	0	13860	0
AHE-L310.fasta	77	231	17787	1903	10.699	131	0.567	80	0.346	0.504	0.496	4039	3656	4210	3962	0	0	7	10	0	0	0	0	0	0	0	14	0	1889	0
AHE-L311.fasta	120	1887	226440	11723	5.177	1032	0.547	771	0.409	0.504	0.496	58320	54260	52093	49938	1	0	45	53	1	0	1	2	2	1	0	182	0	11541	0
AHE-L312.fasta	120	1005	120600	11037	9.152	490	0.488	378	0.376	0.584	0.416	29277	23861	21666	34720	1	0	15	21	0	0	1	1	0	0	0	126	0	10911	0
AHE-L313.fasta	118	1605	189390	24907	13.151	874	0.545	599	0.373	0.604	0.396	62354	28880	36240	36935	0	1	49	19	0	3	0	0	0	2	0	522	0	24385	0
AHE-L314.fasta	122	1407	171654	5673	3.305	610	0.434	415	0.295	0.509	0.491	47896	42280	39167	36568	0	0	32	33	0	0	2	1	1	1	0	602	0	5071	0
AHE-L315.fasta	120	1086	130320	2648	2.032	373	0.343	307	0.283	0.54	0.46	38803	27422	31295	30121	0	0	6	21	1	0	1	0	2	0	0	209	0	2439	0
AHE-L316.fasta	121	1470	177870	26749	15.039	858	0.584	636	0.433	0.491	0.509	42325	39621	37362	31616	1	3	73	111	3	1	2	2	0	1	0	284	0	26465	0
AHE-L317.fasta	122	1485	181170	13644	7.531	691	0.465	488	0.329	0.466	0.534	41038	42650	46684	37002	3	4	43	55	13	4	12	11	4	3	0	288	0	13356	0
AHE-L318.fasta	121	1761	213081	46970	22.043	784	0.445	519	0.295	0.574	0.426	50513	35806	34681	45034	1	0	44	27	0	1	1	2	0	1	0	119	0	46851	0
AHE-L319.fasta	121	2067	250107	18564	7.422	1093	0.529	749	0.362	0.531	0.469	60323	55799	52798	62445	0	0	80	93	1	0	2	0	2	0	0	668	0	17896	0
AHE-L32.fasta	121	1251	151371	4842	3.199	678	0.542	446	0.357	0.473	0.527	27166	42883	34310	42123	1	0	22	23	0	0	0	0	1	0	0	71	0	4771	0
AHE-L320.fasta	115	690	79350	16592	20.91	348	0.504	205	0.297	0.513	0.487	16922	15128	15353	15327	0	0	14	12	0	0	0	0	2	0	0	77	0	16515	0
AHE-L321.fasta	122	1692	206424	11155	5.404	808	0.478	580	0.343	0.519	0.481	51351	45530	48396	49868	0	1	48	66	1	1	2	2	2	1	0	94	0	11061	0
AHE-L322.fasta	120	732	87840	1412	1.607	301	0.411	230	0.314	0.529	0.471	26201	19426	21242	19520	0	0	22	15	0	0	1	1	0	0	0	119	0	1293	0
AHE-L323.fasta	119	1479	176001	19116	10.861	961	0.65	657	0.444	0.582	0.418	54357	34064	31348	37015	1	2	64	29	0	1	1	0	1	2	0	122	0	18994	0
AHE-L324.fasta	108	612	66096	8858	13.402	335	0.547	206	0.337	0.533	0.467	16831	11937	14787	13663	0	0	5	15	0	0	0	0	0	0	0	295	0	8563	0
AHE-L325.fasta	89	1128	100392	17113	17.046	691	0.613	504	0.447	0.427	0.573	20667	24593	23133	14839	0	0	24	21	1	0	0	0	1	0	0	66	0	17047	0
AHE-L326.fasta	122	1344	163968	6849	4.177	615	0.458	443	0.33	0.5	0.5	45188	45012	33484	33321	0	1	55	56	0	0	0	0	0	2	0	164	0	6685	0
AHE-L327.fasta	120	1671	200520	10304	5.139	809	0.484	636	0.381	0.545	0.455	52770	40116	46469	50716	2	1	64	69	0	0	2	1	3	3	0	603	0	9701	0
AHE-L328.fasta	94	1269	119286	4745	3.978	796	0.627	589	0.464	0.524	0.476	31854	25849	28572	28173	0	0	47	44	1	1	0	0	0	0	0	99	0	4646	0
AHE-L329.fasta	118	1134	133812	10976	8.203	498	0.439	363	0.32	0.473	0.527	36330	32551	32229	21697	1	0	15	11	1	0	0	0	1	0	0	55	0	10921	0
AHE-L33.fasta	120	1281	153720	27098	17.628	710	0.554	510	0.398	0.466	0.534	29791	33393	34226	29121	1	0	41	45	1	0	0	0	2	1	0	281	0	26817	0
AHE-L330.fasta	117	1323	154791	15965	10.314	758	0.573	543	0.41	0.451	0.549	31033	39429	36698	31512	1	1	45	97	0	0	3	1	3	3	0	117	0	15848	0
AHE-L331.fasta	105	1473	154665	33408	21.6	922	0.626	597	0.405	0.541	0.459	39885	23636	31769	25899	0	0	36	30	0	1	0	0	1	0	0	1645	0	31763	0
AHE-L332.fasta	45	1239	55755	21947	39.363	687	0.554	422	0.341	0.412	0.588	6447	12320	7767	7230	5	7	7	6	3	3	2	6	2	3	0	362	0	21585	0
AHE-L333.fasta	122	1542	188124	7585	4.032	535	0.347	375	0.243	0.475	0.525	42444	55020	39599	43387	0	0	25	59	0	1	2	1	1	0	0	143	0	7442	0
AHE-L334.fasta	122	1785	217770	26190	12.026	916	0.513	683	0.383	0.508	0.492	57976	48799	45287	39322	1	3	105	79	1	1	1	3	1	1	0	267	0	25923	0
AHE-L335.fasta	119	1515	180285	21420	11.881	928	0.613	701	0.463	0.535	0.465	50214	39996	33853	34694	1	1	49	53	0	1	1	1	1	0	0	445	0	20975	0
AHE-L337.fasta	10	1314	13140	2523	19.201	707	0.538	374	0.285	0.314	0.686	1472	3790	3487	1868	0	0	0	0	0	0	0	0	0	0	0	198	0	2325	0
AHE-L338.fasta	122	1734	211548	11292	5.338	771	0.445	586	0.338	0.523	0.477	55813	44173	51366	48805	0	0	44	51	0	0	2	0	1	1	0	153	0	11139	0
AHE-L339.fasta	122	1635	199470	13135	6.585	590	0.361	439	0.269	0.477	0.523	48959	53310	44014	39895	1	4	47	69	2	1	11	12	4	6	0	262	0	12873	0
AHE-L34.fasta	122	1353	165066	9402	5.696	625	0.462	439	0.324	0.496	0.504	35378	42385	36056	41767	0	0	29	47	0	0	0	0	1	1	0	419	0	8983	0
AHE-L340.fasta	121	1086	131406	7523	5.725	521	0.48	339	0.312	0.519	0.481	33911	26563	33041	30345	0	1	15	6	0	0	0	1	0	0	0	402	0	7121	0
AHE-L341.fasta	120	1251	150120	8702	5.797	587	0.469	393	0.314	0.563	0.437	37459	34992	26654	42277	0	0	24	11	1	0	0	0	0	0	0	70	0	8632	0
AHE-L342.fasta	98	1581	154938	33309	21.498	724	0.458	531	0.336	0.397	0.603	27399	38834	34664	20682	2	2	21	18	2	0	3	0	1	1	0	148	0	33161	0
AHE-L343.fasta	119	1350	160650	7613	4.739	660	0.489	493	0.365	0.526	0.474	52783	33784	38731	27689	2	0	19	23	1	0	1	1	1	2	0	617	0	6996	0
AHE-L344.fasta	119	1410	167790	27766	16.548	859	0.609	621	0.44	0.457	0.543	39540	31241	44554	24593	1	0	50	44	0	1	0	0	0	0	0	550	0	27216	0
AHE-L345.fasta	107	1743	186501	43155	23.139	964	0.553	623	0.357	0.408	0.592	35091	51438	33657	22998	1	0	88	71	0	0	0	2	0	0	0	382	0	42773	0
AHE-L346.fasta	120	1965	235800	49759	21.102	1024	0.521	729	0.371	0.506	0.494	52080	47627	43643	42434	2	1	116	134	1	0	1	0	1	1	0	314	0	49445	0
AHE-L347.fasta	122	1839	224358	16050	7.154	687	0.374	416	0.226	0.489	0.511	57668	57688	48792	44060	1	1	31	36	0	4	10	7	6	4	0	88	0	15962	0
AHE-L348.fasta	110	1035	113850	4206	3.694	638	0.616	490	0.473	0.487	0.513	23204	32131	24005	30102	2	2	65	94	3	0	11	9	12	4	0	99	0	4107	0
AHE-L349.fasta	121	1530	185130	16872	9.114	695	0.454	482	0.315	0.535	0.465	45447	35863	42345	44526	1	2	43	27	0	1	0	1	1	1	0	142	0	16730	0
AHE-L35.fasta	118	1371	161778	11843	7.321	912	0.665	618	0.451	0.539	0.461	42695	37255	31826	38036	2	0	67	50	0	0	1	2	1	0	0	237	0	11606	0
AHE-L350.fasta	119	801	95319	4770	5.004	396	0.494	282	0.352	0.51	0.49	26947	24216	20073	19242	0	0	32	37	2	0	0	0	0	0	0	82	0	4688	0
AHE-L351.fasta	120	1611	193320	19377	10.023	791	0.491	515	0.32	0.546	0.454	48986	42981	35856	46048	0	0	34	34	1	0	1	1	1	0	0	699	0	18678	0
AHE-L352.fasta	122	1617	197274	16548	8.388	690	0.427	472	0.292	0.528	0.472	49864	39116	46117	45565	3	1	18	37	1	0	1	2	0	1	0	112	0	16436	0
AHE-L353.fasta	121	1053	127413	5910	4.638	593	0.563	432	0.41	0.476	0.524	31619	30062	33547	26207	0	1	38	27	0	0	0	0	0	2	0	92	0	5818	0
AHE-L354.fasta	121	1071	129591	3443	2.657	488	0.456	360	0.336	0.468	0.532	27832	36972	30111	31179	0	0	24	28	0	0	1	1	0	0	0	67	0	3376	0
AHE-L355.fasta	120	1788	214560	12674	5.907	997	0.558	655	0.366	0.548	0.452	73795	37016	54159	36838	0	0	36	42	0	0	0	0	0	0	0	196	0	12478	0
AHE-L356.fasta	121	1182	143022	18012	12.594	662	0.56	468	0.396	0.543	0.457	38502	28550	28493	29433	0	0	20	12	0	0	0	0	0	0	0	90	0	17922	0
AHE-L357.fasta	122	1956	238632	15490	6.491	454	0.232	217	0.111	0.491	0.509	65053	49826	63781	44373	1	4	49	33	2	2	7	5	2	4	0	528	0	14962	0
AHE-L358.fasta	120	909	109080	3141	2.88	506	0.557	348	0.383	0.49	0.51	20608	27022	26939	31322	0	0	15	32	0	0	0	0	1	0	0	60	0	3081	0
AHE-L359.fasta	106	1137	120522	8763	7.271	729	0.641	475	0.418	0.598	0.402	41175	19992	24978	25565	0	0	37	11	0	0	0	1	0	0	0	96	0	8667	0
AHE-L36.fasta	121	1836	222156	12314	5.543	723	0.394	496	0.27	0.574	0.426	56445	41620	47627	64081	0	1	24	43	0	0	0	0	0	1	0	70	0	12244	0
AHE-L360.fasta	121	1380	166980	10266	6.148	861	0.624	565	0.409	0.554	0.446	45597	35027	34745	41248	1	1	63	31	0	0	1	0	0	0	0	240	0	10026	0
AHE-L361.fasta	119	1545	183855	6677	3.632	733	0.474	501	0.324	0.543	0.457	54652	42402	38590	41454	0	1	49	29	0	0	0	0	1	0	0	173	0	6504	0
AHE-L362.fasta	121	1815	219615	23383	10.647	693	0.382	460	0.253	0.556	0.444	60569	42880	44311	48344	3	6	48	47	2	3	4	7	4	4	0	702	0	22681	0
AHE-L363.fasta	115	1416	162840	17448	10.715	904	0.638	566	0.4	0.623	0.377	48382	25952	28700	42271	0	1	47	38	0	0	0	1	0	0	0	435	0	17013	0
AHE-L364.fasta	97	1410	136770	54121	39.571	612	0.434	371	0.263	0.551	0.449	24829	20348	17391	20062	0	1	4	5	1	0	4	1	1	2	0	249	0	53872	0
AHE-L365.fasta	121	1776	214896	10271	4.78	722	0.407	489	0.275	0.52	0.48	64432	54063	44073	41983	0	0	37	34	0	0	0	1	2	0	0	97	0	10174	0
AHE-L366.fasta	122	1875	228750	20642	9.024	1044	0.557	709	0.378	0.54	0.46	55390	45792	50148	56588	2	0	96	83	0	0	4	1	2	2	0	197	0	20445	0
AHE-L367.fasta	121	2085	252285	20883	8.278	703	0.337	487	0.234	0.543	0.457	75587	55899	49860	49982	0	0	39	34	0	0	0	0	1	0	0	102	0	20781	0
AHE-L368.fasta	120	1506	180720	18469	10.22	569	0.378	319	0.212	0.573	0.427	52654	32782	36483	40217	2	4	48	41	5	2	5	1	3	4	0	569	0	17900	0
AHE-L369.fasta	122	1104	134688	5734	4.257	480	0.435	327	0.296	0.539	0.461	37463	35914	23417	32072	1	6	19	44	2	5	4	3	4	0	0	157	0	5577	0
AHE-L37.fasta	122	1113	135786	13570	9.994	471	0.423	268	0.241	0.524	0.476	26813	41237	16841	37245	0	3	14	36	0	7	2	5	6	7	0	688	0	12882	0
AHE-L370.fasta	120	1641	196920	11144	5.659	978	0.596	657	0.4	0.586	0.414	57107	38415	38556	51645	0	0	23	29	1	0	0	0	0	0	0	94	0	11050	0
AHE-L371.fasta	120	1803	216360	30717	14.197	840	0.466	551	0.306	0.533	0.467	54985	43360	43193	44032	0	2	39	31	0	0	0	0	0	1	0	361	0	30356	0
AHE-L372.fasta	122	1548	188856	9487	5.023	803	0.519	552	0.357	0.562	0.438	58646	40025	38521	42123	0	3	28	21	0	0	1	0	0	1	0	187	0	9300	0
AHE-L373.fasta	122	1605	195810	14160	7.231	567	0.353	433	0.27	0.553	0.447	60304	42337	38741	40189	2	0	33	39	0	0	1	1	2	1	0	108	0	14052	0
AHE-L374.fasta	111	1368	151848	8576	5.648	870	0.636	627	0.458	0.548	0.452	44676	30756	34001	33731	0	0	65	43	0	0	0	0	0	0	0	363	0	8213	0
AHE-L376.fasta	90	846	76140	18322	24.064	576	0.681	369	0.436	0.558	0.442	15755	12188	13333	16465	0	1	42	34	0	0	0	0	0	0	0	868	0	17454	0
AHE-L377.fasta	114	1350	153900	4239	2.754	539	0.399	318	0.236	0.592	0.408	45636	33564	27538	42882	0	0	18	23	0	0	0	0	0	0	0	33	0	4206	0
AHE-L378.fasta	114	1209	137826	10084	7.316	599	0.495	347	0.287	0.507	0.493	36198	33597	29137	28743	0	0	32	35	0	0	0	0	0	0	0	239	0	9845	0
AHE-L379.fasta	114	1272	145008	7314	5.044	618	0.486	407	0.32	0.534	0.466	42280	37164	27079	31132	0	0	28	11	0	0	0	0	0	0	0	1250	0	6064	0
AHE-L38.fasta	106	1350	143100	15029	10.502	891	0.66	631	0.467	0.536	0.464	31281	29834	29466	37416	1	0	44	28	0	0	0	0	0	1	0	59	0	14970	0
AHE-L380.fasta	113	1350	152550	6578	4.312	735	0.544	511	0.379	0.517	0.483	44008	32280	38119	31499	0	0	37	29	0	0	0	0	0	0	0	96	0	6482	0
AHE-L381.fasta	114	1374	156636	3893	2.485	478	0.348	331	0.241	0.571	0.429	47130	35897	29694	39981	0	0	25	16	0	0	0	0	0	0	0	36	0	3857	0
AHE-L382.fasta	114	1362	155268	5069	3.265	617	0.453	402	0.295	0.544	0.456	48478	37623	30875	33153	0	0	35	35	0	0	0	0	0	0	0	96	0	4973	0
AHE-L383.fasta	112	726	81312	2686	3.303	429	0.591	303	0.417	0.461	0.539	17742	21200	21189	18466	0	0	12	17	0	0	0	0	0	0	0	113	0	2573	0
AHE-L384.fasta	95	903	85785	6545	7.63	614	0.68	451	0.499	0.507	0.493	23608	21198	17781	16582	0	0	35	36	0	0	0	0	0	0	0	98	0	6447	0
AHE-L385.fasta	98	1359	133182	7396	5.553	913	0.672	624	0.459	0.485	0.515	30304	34177	30562	30605	0	0	77	61	0	0	0	0	0	0	0	79	0	7317	0
AHE-L386.fasta	113	1353	152889	3467	2.268	755	0.558	483	0.357	0.589	0.411	52118	33269	28214	35766	0	0	30	25	0	0	0	0	0	0	0	93	0	3374	0
AHE-L387.fasta	114	999	113886	3176	2.789	508	0.509	332	0.332	0.545	0.455	35381	25828	24492	24983	0	0	19	7	0	0	0	0	0	0	0	138	0	3038	0
AHE-L388.fasta	114	1359	154926	3266	2.108	705	0.519	466	0.343	0.572	0.428	43546	31460	33478	43124	0	0	29	23	0	0	0	0	0	0	0	52	0	3214	0
AHE-L389.fasta	114	1083	123462	2269	1.838	474	0.438	357	0.33	0.563	0.437	34901	26342	26638	33274	0	0	22	16	0	0	0	0	0	0	0	72	0	2197	0
AHE-L39.fasta	121	1539	186219	7491	4.023	706	0.459	479	0.311	0.579	0.421	56125	34098	41104	47286	4	4	41	50	0	3	2	2	4	5	0	90	0	7401	0
AHE-L390.fasta	113	1371	154923	3317	2.141	565	0.412	380	0.277	0.57	0.43	48319	33360	31792	38091	0	0	17	27	0	0	0	0	0	0	0	52	0	3265	0
AHE-L391.fasta	114	1575	179550	9133	5.087	848	0.538	602	0.382	0.502	0.498	52692	44361	40370	32847	0	0	71	76	0	0	0	0	0	0	0	190	0	8943	0
AHE-L392.fasta	113	912	103056	3215	3.12	416	0.456	298	0.327	0.476	0.524	18375	26057	26132	29161	0	0	49	67	0	0	0	0	0	0	0	394	0	2821	0
AHE-L393.fasta	114	1347	153558	5150	3.354	588	0.437	397	0.295	0.467	0.533	35238	46059	33050	33961	0	0	35	65	0	0	0	0	0	0	0	273	0	4877	0
AHE-L394.fasta	113	1383	156279	10704	6.849	665	0.481	443	0.32	0.497	0.503	41883	36021	37112	30461	0	1	70	27	0	0	0	0	0	0	0	263	0	10441	0
AHE-L395.fasta	114	1353	154242	3343	2.167	656	0.485	391	0.289	0.553	0.447	47206	38456	28922	36262	0	0	26	27	0	0	0	0	0	0	0	55	0	3288	0
AHE-L396.fasta	111	1818	201798	8607	4.265	1021	0.562	698	0.384	0.583	0.417	58046	37591	42973	54504	0	0	34	43	0	0	0	0	0	0	0	70	0	8537	0
AHE-L397.fasta	113	1302	147126	30907	21.007	913	0.701	580	0.445	0.645	0.355	35349	19313	21596	39917	0	1	23	20	0	0	0	0	0	0	0	731	0	30176	0
AHE-L398.fasta	112	1125	126000	11105	8.813	282	0.251	130	0.116	0.622	0.378	34318	20295	23149	37115	0	0	8	10	0	0	0	0	0	0	0	1380	0	9725	0
AHE-L399.fasta	114	1380	157320	6116	3.888	634	0.459	368	0.267	0.548	0.452	43319	38676	29620	39554	0	0	20	15	0	0	0	0	0	0	0	44	0	6072	0
AHE-L4.fasta	17	1320	22440	2759	12.295	687	0.52	472	0.358	0.362	0.638	3697	7207	5362	3411	0	2	2	0	0	0	0	0	0	0	0	80	0	2679	0
AHE-L40.fasta	121	1599	193479	10530	5.442	730	0.457	475	0.297	0.542	0.458	53934	42504	41167	45266	4	2	30	33	4	3	1	0	0	1	0	238	0	10292	0
AHE-L400.fasta	39	1395	54405	15556	28.593	735	0.527	486	0.348	0.446	0.554	10199	10679	10880	7091	0	0	0	0	0	0	0	0	0	0	0	5	0	15551	0
AHE-L401.fasta	114	1356	154584	12885	8.335	463	0.341	351	0.259	0.56	0.44	47846	31648	30721	31314	0	0	89	81	0	0	0	0	0	0	0	2206	0	10679	0
AHE-L402.fasta	28	423	11844	2233	18.853	332	0.785	282	0.667	0.374	0.626	1796	2919	3075	1821	0	0	0	0	0	0	0	0	0	0	0	16	0	2217	0
AHE-L403.fasta	14	1389	19446	4687	24.103	819	0.59	550	0.396	0.357	0.643	2599	5619	3849	2692	0	0	0	0	0	0	0	0	0	0	0	13	0	4674	0
AHE-L41.fasta	114	1371	156294	8756	5.602	697	0.508	503	0.367	0.528	0.472	42493	34950	34681	35372	0	0	22	20	0	0	0	0	0	0	0	100	0	8656	0
AHE-L42.fasta	122	1503	183366	4881	2.662	724	0.482	617	0.411	0.548	0.452	50669	41049	39438	47234	2	3	40	42	0	1	4	2	0	1	0	56	0	4825	0
AHE-L43.fasta	121	1467	177507	5298	2.985	719	0.49	521	0.355	0.563	0.437	49547	35323	39838	47421	0	0	40	38	0	0	0	1	0	1	0	436	0	4862	0
AHE-L44.fasta	121	1542	186582	6621	3.549	652	0.423	468	0.304	0.568	0.432	50976	35442	42330	51142	0	0	28	42	0	0	0	0	0	1	0	122	0	6499	0
AHE-L46.fasta	100	1566	156600	21358	13.639	955	0.61	663	0.423	0.577	0.423	41876	30677	26447	36174	0	0	31	33	0	0	1	1	1	1	0	92	0	21266	0
AHE-L47.fasta	93	1356	126108	5030	3.989	1015	0.749	736	0.543	0.539	0.461	36534	28652	27079	28733	0	1	41	35	0	0	0	1	1	1	0	143	0	4887	0
AHE-L48.fasta	90	1185	106650	7561	7.09	828	0.699	548	0.462	0.624	0.376	30752	16931	20305	31034	0	0	28	37	0	0	1	1	0	0	0	50	0	7511	0
AHE-L49.fasta	121	1401	169521	5077	2.995	485	0.346	277	0.198	0.576	0.424	52862	32569	37126	41810	2	5	33	19	1	3	5	4	2	3	0	51	0	5026	0
AHE-L5.fasta	117	1122	131274	14410	10.977	641	0.571	452	0.403	0.437	0.563	24777	34618	30903	26364	0	0	90	102	0	0	3	2	3	2	0	177	0	14233	0
AHE-L50.fasta	120	1524	182880	17136	9.37	870	0.571	611	0.401	0.58	0.42	50829	30698	38754	44873	1	0	429	155	0	0	0	1	3	1	0	1890	0	15246	0
AHE-L51.fasta	121	1449	175329	8310	4.74	810	0.559	554	0.382	0.598	0.402	54450	31721	35416	45358	0	0	31	42	1	0	0	0	0	0	0	68	0	8242	0
AHE-L52.fasta	122	1656	202032	17493	8.659	788	0.476	540	0.326	0.502	0.498	40698	51762	40077	51926	1	0	34	36	0	1	0	2	2	0	0	424	0	17069	0
AHE-L53.fasta	89	414	36846	3691	10.017	183	0.442	136	0.329	0.52	0.48	9930	8150	7719	7349	0	0	5	1	0	0	0	0	1	0	0	52	0	3639	0
AHE-L54.fasta	122	984	120048	7798	6.496	459	0.466	362	0.368	0.481	0.519	34605	27047	31111	19410	0	0	47	26	1	0	1	0	2	0	0	649	0	7149	0
AHE-L55.fasta	122	1338	163236	8240	5.048	522	0.39	290	0.217	0.502	0.498	43298	40663	36484	34499	0	0	17	22	0	1	3	3	4	2	0	998	0	7242	0
AHE-L56.fasta	122	1539	187758	8159	4.345	685	0.445	433	0.281	0.494	0.506	42803	48621	42054	45962	3	3	41	75	3	0	15	11	5	3	0	317	0	7842	0
AHE-L57.fasta	121	1338	161898	7706	4.76	563	0.421	359	0.268	0.605	0.395	46142	29238	31630	47143	0	0	20	19	0	0	0	0	0	0	0	48	0	7658	0
AHE-L58.fasta	121	1416	171336	9186	5.361	789	0.557	509	0.359	0.579	0.421	51243	35406	32899	42534	1	0	42	24	1	0	0	0	0	0	0	298	0	8888	0
AHE-L59.fasta	110	573	63030	4645	7.37	298	0.52	189	0.33	0.566	0.434	15071	12986	12323	17987	1	0	9	7	0	0	0	1	0	0	0	175	0	4470	0
AHE-L60.fasta	122	1596	194712	9283	4.768	442	0.277	236	0.148	0.579	0.421	59425	44845	33196	47856	3	5	42	38	1	3	3	2	3	7	0	211	0	9072	0
AHE-L61.fasta	122	1656	202032	11194	5.541	538	0.325	349	0.211	0.49	0.51	50072	54537	42665	43478	1	4	27	30	0	0	6	5	10	3	0	185	0	11009	0
AHE-L62.fasta	119	1755	208845	13775	6.596	854	0.487	529	0.301	0.588	0.412	68563	34966	45297	46115	2	0	75	50	1	1	0	0	0	0	0	219	0	13556	0
AHE-L63.fasta	120	1797	215640	12263	5.687	888	0.494	583	0.324	0.565	0.435	66739	44814	43666	48079	2	0	35	39	0	0	1	0	2	0	0	452	0	11811	0
AHE-L64.fasta	118	1764	208152	9797	4.707	749	0.425	495	0.281	0.56	0.44	60753	40002	47138	50389	1	0	37	33	1	1	0	0	0	0	0	155	0	9642	0
AHE-L65.fasta	120	1755	210600	8526	4.048	722	0.411	470	0.268	0.586	0.414	66343	35948	47583	52102	1	0	58	37	0	1	0	0	0	1	0	400	0	8126	0
AHE-L66.fasta	118	744	87792	17783	20.256	286	0.384	156	0.21	0.564	0.436	23458	13572	16930	16028	0	1	12	7	0	0	0	0	0	1	0	131	0	17652	0
AHE-L67.fasta	120	1713	205560	28504	13.867	752	0.439	498	0.291	0.569	0.431	57611	36693	39565	43119	1	0	30	36	0	0	0	0	1	0	0	251	0	28253	0
AHE-L68.fasta	111	1371	152181	22377	14.704	622	0.454	379	0.276	0.614	0.386	40440	23052	26923	39319	0	0	25	44	0	0	0	1	0	0	0	262	0	22115	0
AHE-L69.fasta	117	1473	172341	49358	28.64	860	0.584	608	0.413	0.587	0.413	35583	24886	25864	36438	1	0	96	108	1	1	0	2	1	2	0	3665	0	45693	0
AHE-L7.fasta	96	1392	133632	7578	5.671	1049	0.754	729	0.524	0.516	0.484	34775	28225	32652	30238	4	0	85	70	0	0	1	2	2	0	0	174	0	7404	0
AHE-L70.fasta	115	1761	202515	26554	13.112	1046	0.594	689	0.391	0.603	0.397	53606	32306	37572	52343	0	0	54	79	0	0	1	0	0	0	0	823	0	25731	0
AHE-L71.fasta	107	963	103041	26877	26.084	508	0.528	311	0.323	0.581	0.419	22949	16601	15222	21346	0	0	28	16	1	1	0	0	0	0	0	390	0	26487	0
AHE-L72.fasta	27	1035	27945	6499	23.256	701	0.677	404	0.39	0.588	0.412	5888	4733	4020	6788	0	2	9	3	0	1	0	0	0	2	0	73	0	6426	0
AHE-L73.fasta	119	1689	200991	18062	8.986	1012	0.599	612	0.362	0.587	0.413	48818	42137	33447	58410	1	1	42	70	0	1	0	1	1	0	0	426	0	17636	0
AHE-L74.fasta	120	1554	186480	32446	17.399	1051	0.676	751	0.483	0.577	0.423	43318	30378	34684	45406	0	0	150	95	0	1	0	0	2	0	0	508	0	31938	0
AHE-L75.fasta	120	1509	181080	12783	7.059	712	0.472	507	0.336	0.589	0.411	53053	32484	36698	45967	0	0	38	57	0	0	0	0	0	0	0	105	0	12678	0
AHE-L76.fasta	122	1332	162504	5688	3.5	651	0.489	458	0.344	0.532	0.468	49340	39197	34162	34069	0	3	25	18	1	0	0	0	1	0	0	60	0	5628	0
AHE-L77.fasta	122	1719	209718	23378	11.147	958	0.557	624	0.363	0.473	0.527	47408	63441	34546	40811	2	1	49	80	0	0	1	0	1	0	0	569	0	22809	0
AHE-L78.fasta	120	1059	127080	5798	4.562	646	0.61	488	0.461	0.558	0.442	27863	29940	23621	39737	0	1	49	70	0	0	1	0	0	0	0	188	0	5610	0
AHE-L8.fasta	120	1560	187200	13590	7.26	857	0.549	617	0.396	0.524	0.476	50719	39007	43587	40170	0	1	57	65	1	0	2	1	0	0	0	114	0	13476	0
AHE-L80.fasta	121	699	84579	5353	6.329	350	0.501	242	0.346	0.501	0.499	21551	21178	18312	18131	0	0	24	30	0	0	0	0	0	0	0	137	0	5216	0
AHE-L81.fasta	119	1413	168147	13026	7.747	768	0.544	532	0.377	0.57	0.43	52896	29377	37209	35542	0	1	53	43	0	0	0	0	0	0	0	99	0	12927	0
AHE-L82.fasta	121	1383	167343	30111	17.994	656	0.474	424	0.307	0.433	0.567	31199	43120	34629	28216	0	2	30	29	1	0	0	3	2	1	0	319	0	29792	0
AHE-L83.fasta	114	1353	154242	40552	26.291	933	0.69	539	0.398	0.59	0.41	39388	22142	24349	27750	0	0	36	25	0	0	0	0	0	0	0	774	0	39778	0
AHE-L84.fasta	118	1674	197532	72777	36.843	656	0.392	400	0.239	0.444	0.556	29795	35086	34512	25327	1	0	15	18	0	0	1	0	0	0	0	421	0	72356	0
AHE-L85.fasta	122	1056	128832	3187	2.474	599	0.567	432	0.409	0.569	0.431	30268	30713	23447	41173	0	0	17	22	0	1	2	1	1	0	0	62	0	3125	0
AHE-L86.fasta	101	1710	172710	16973	9.827	619	0.362	396	0.232	0.597	0.403	48803	32878	29892	44068	1	0	46	43	1	0	2	1	0	2	0	72	0	16901	0
AHE-L87.fasta	121	1284	155364	2559	1.647	476	0.371	337	0.262	0.572	0.428	49460	32930	32490	37812	3	4	34	44	0	5	4	5	7	7	0	126	0	2433	0
AHE-L88.fasta	122	1545	188490	39920	21.179	910	0.589	639	0.414	0.582	0.418	47924	28122	33680	38754	0	1	51	35	1	1	0	1	0	0	0	829	0	39091	0
AHE-L89.fasta	83	1347	111801	45287	40.507	505	0.375	312	0.232	0.619	0.381	22196	11653	13737	18912	3	0	8	4	0	1	0	0	0	0	0	124	0	45163	0
AHE-L9.fasta	121	1569	189849	28271	14.891	939	0.598	683	0.435	0.464	0.536	40894	48361	38261	33847	1	0	112	97	2	0	2	0	0	1	0	852	0	27419	0
AHE-L90.fasta	94	1431	134514	13373	9.942	979	0.684	635	0.444	0.64	0.36	52292	17352	26236	25184	0	2	39	31	0	3	0	0	1	1	0	65	0	13308	0
AHE-L91.fasta	113	1521	171873	31950	18.589	968	0.636	698	0.459	0.566	0.434	47841	30077	30818	31107	1	4	54	16	0	1	1	1	1	1	0	245	0	31705	0
AHE-L92.fasta	121	1350	163350	27389	16.767	611	0.453	461	0.341	0.476	0.524	34423	35635	35559	30248	0	0	40	52	1	1	1	0	1	0	0	113	0	27276	0
AHE-L93.fasta	122	1719	209718	28516	13.597	742	0.432	458	0.266	0.583	0.417	55230	36299	39178	50444	1	0	25	24	1	0	0	0	0	0	0	763	0	27753	0
AHE-L94.fasta	121	1524	184404	18549	10.059	1026	0.673	681	0.447	0.561	0.439	52970	34047	38595	40165	0	1	42	34	0	1	0	0	0	0	0	272	0	18277	0
AHE-L95.fasta	121	1791	216711	16903	7.8	962	0.537	619	0.346	0.516	0.484	58017	53917	42820	44986	0	0	35	32	0	0	0	1	0	0	0	305	0	16598	0
AHE-L96.fasta	103	1659	170877	71758	41.994	658	0.397	433	0.261	0.475	0.525	25974	24284	27702	21138	1	1	5	11	0	1	2	0	0	0	0	151	0	71607	0
AHE-L97.fasta	120	1386	166320	10408	6.258	890	0.642	586	0.423	0.594	0.406	42418	33888	29382	50156	0	0	36	31	1	0	0	0	0	0	0	242	0	10166	0
AHE-L98.fasta	113	1830	206790	16777	8.113	760	0.415	546	0.298	0.524	0.476	63396	43074	47034	36382	1	1	57	58	2	1	4	0	0	3	0	284	0	16493	0
AHE-L99.fasta	120	1521	182520	15935	8.731	1018	0.669	717	0.471	0.505	0.495	56524	41835	40624	27466	0	1	60	64	1	1	3	2	2	2	0	252	0	15683	0
