Bellatorias_frerei 4.3577865247049 1.59039588350792 0.715397864708035 0.998064750457305
Bellatorias_major 4.31565776972754 1.43227127631049 0.805940852508509 1.06962424784362
Bellatorias_obiri 3.89649562006838 1.44997770874149 0.661520382395867 0.847240206429735
Corucia_zebrata 4.31152142550874 1.5972136817972 0.56922947777702 1.03507004814188
Cyclodomorphus_branchialis 6.30614636988413 1.22748817393015 0.731748988710049 0.697652094989768
Cyclodomorphus_casuarinae 7.91213502853399 1.46094194048337 0.804098282498309 0.873724110393161
Cyclodomorphus_celatus 7.93977459403853 1.38353708256564 0.872260198964736 0.895721791533428
Cyclodomorphus_gerrardii 5.22487779590476 1.31840916681144 0.66688314582163 0.873692426890092
Cyclodomorphus_m.elongatus 7.73843780643159 1.48074986115474 0.856125109089084 0.902671934750289
Cyclodomorphus_m.melanops 5.7504551771913 1.36969403645701 0.818072613993226 0.862424932583252
Cyclodomorphus_m.siticulosus 5.66926867154066 1.49343358775554 0.83741439084107 0.87299781383847
Cyclodomorphus_maximus 7.32071343842158 1.54461110411034 0.844506831234062 0.856732026870388
Cyclodomorphus_michaeli 7.96806719554392 1.11980321253642 0.815004704982129 0.879372091670613
Cyclodomorphus_praealtus 6.94995851030364 1.32912866731123 0.727356126548584 0.784361645011142
Cyclodomorphus_venustus 7.28333612285748 1.48910551358083 0.883825845471813 0.805080723601319
Egernia_cunninghami 4.10131924669125 1.72557673218809 0.646424513854851 0.822523427319177
Egernia_cygnitos 4.34420041292758 1.89861636605371 0.794987906272244 0.777448014397842
Egernia_depressa 4.00406777727248 2.00106242655747 0.755498585872583 0.985212003575088
Egernia_douglasi 4.05281460661531 1.83921186351755 0.79530282611263 0.884048428355824
Egernia_eos 4.43926273876019 1.98920814056122 0.753390290258515 0.861445671057478
Egernia_epsisolus 4.51331112944645 1.83410249917986 0.737992951462129 0.747646929024861
Egernia_formosa 4.297177004432 1.64246163928554 0.749387633441887 0.827937903453266
Egernia_hosmeri 4.2700565874766 1.72310592784774 0.778122445827259 1.02141224784003
Egernia_kingii 4.23054410791705 1.48460080007643 0.689064087820901 0.943547983891121
Egernia_mcpheei 4.27908884269953 1.48165172123501 0.706243060486911 0.71706042924814
Egernia_napoleonis 4.15575526563616 1.56865591129844 0.772006087891849 0.684767264169659
Egernia_pilbarensis 3.77828774156794 1.54194901379637 0.698365427269017 0.802466341146571
Egernia_richardi 4.43335260731676 1.51347825869786 0.764807996996199 0.869477046476649
Egernia_rugosa 4.27167675188248 1.45834514744973 0.77893629248745 1.04789024898191
Egernia_s.stokesii 4.27153011515282 1.96146808333412 1.01126844956161 0.928747698481144
Egernia_s.zellingi 4.6047032372164 1.98564938060387 0.78336880656254 1.06410051280854
Egernia_saxatilis 3.81651501014407 1.38626809714068 0.745549495540167 0.716565604144461
Egernia_striolata 4.04210592752319 1.41711999970692 0.729507573758093 0.728473125664037
Liopholis_guthega 4.11090177285718 1.42259830157957 0.67283016172268 0.959084698016129
Liopholis_inornata 4.03319746906936 1.40688123771151 0.594303372291778 0.821719985593123
Liopholis_kintorei 4.42841752564879 1.53189736445263 0.575474538958294 1.01434047207833
Liopholis_margaretae 4.44313299916999 1.50947181059678 0.616322244687712 0.809229472467951
Liopholis_modesta 3.94777741289025 1.48630337492354 0.637506683689983 0.816066741700127
Liopholis_montana 4.06604980791253 1.39700371650895 0.687004660911379 0.799903369247707
Liopholis_multiscutata 4.15490701465284 1.40465939901694 0.695384275449799 0.844395191617613
Liopholis_personata 3.91657032835473 1.48970781074756 0.575435579121966 0.801179998257502
Liopholis_pulchra 3.84965380028389 1.18566349369215 0.592939475675232 0.816153609686693
Liopholis_slateri 4.17155829848304 1.41292289913584 0.618042351584775 0.84871461049698
Liopholis_sp.nov 3.53219036860844 1.23879311497112 0.600040415064136 0.8296653888425
Liopholis_sp.nov2 4.00347786733515 1.2296436284825 0.625735810943758 0.926290489366654
Liopholis_striata 4.20794430960368 1.43612609844221 0.578560716517989 0.871695384335149
Liopholis_whitii 4.17016596516431 1.49339421728039 0.83338666789788 0.881639519435581
Lissolepis_coventryi 4.79318064136412 1.22964281676733 0.710723984399728 0.950701806194303
Lissolepis_luctuosa 4.12751181382724 1.20271100986747 0.6959341372183 0.846385530519374
Tiliqua_adelaidensis 5.34309020532446 1.32049127275115 0.731141328814529 0.867032606132607
Tiliqua_gigas 6.34563101789375 2.09705954787286 0.891532574090569 1.03931145860638
Tiliqua_multifasciata 5.89992282638081 1.98888690138247 0.809769274224354 1.03190172032004
Tiliqua_nigrolutea 6.65364932722234 1.75378769441432 0.836821666974951 0.991673185701321
Tiliqua_occipitalis 5.9392791921991 1.70198338345129 0.770195944538719 0.921416070115797
Tiliqua_rugosa 5.78869164855734 2.0368308532825 0.924194585635608 1.09261367815521
Tiliqua_scincoides 5.93135506049658 1.73132506612189 0.771481448975219 0.97662659705958
Tribolonotus_blanchardi 3.58941687170898 0.991620026332898 0.632565782972859 0.793521133444601
Tribolonotus_gracilis 3.02072399783617 1.17200088201497 0.762194302609398 0.892945240874505
Tribolonotus_ponceleti 3.13159121015625 1.22532296362802 0.573933355824815 0.855804227686013
Tribolonotus_pseudoponceleti 3.4298555757417 1.18539536722375 0.526801933775422 0.845722800387218
