Bellatorias_frerei 0.708052520514869 0.721712283400405 0.772614230002165 0.887240259121826 0.856119195566572 1.14368297744462
Bellatorias_major 0.712511803386773 0.645899131551742 0.745587531637204 0.969276968709342 0.902268969445023 1.15435609352102
Bellatorias_obiri 0.861509963551604 0.771418810379211 0.833822375106187 1.19418698779576 0.980992556766053 1.19227015474954
Corucia_zebrata 0.866512847064943 0.835914883812123 1.1453300771266 1.02218669519332 0.886696766684347 1.45152443220394
Cyclodomorphus_branchialis 0.783042576654474 0.644283043949326 0.778002166278432 0.922691593543628 0.81654648091875 0.93988828776777
Cyclodomorphus_casuarinae 0.583416419946521 0.554205584105577 0.651241579878576 0.880126485371998 0.778488782582961 0.949552239048762
Cyclodomorphus_celatus 0.682941407445093 0.59257943210627 0.600941979952536 0.82673077180173 0.790260771472179 0.927313638952657
Cyclodomorphus_gerrardii 0.804585365146918 0.756338397966961 0.704508101659581 0.902359059909483 0.825957363871196 1.07499873822715
Cyclodomorphus_m.elongatus 0.64402860950996 0.553738983829793 0.692482172607888 0.80969044445357 0.707287427998921 0.886408586025289
Cyclodomorphus_m.melanops 0.65567229915598 0.566799021981289 0.652299499263203 0.840501733280197 0.677764138453674 0.911330531028528
Cyclodomorphus_m.siticulosus 0.821094174278353 0.639698980351757 0.723440419435864 0.923831275263328 0.788186196619103 0.962090143598878
Cyclodomorphus_maximus 0.801658125736448 0.602302707785681 0.598066253852301 0.935287986949348 0.763772123417935 0.86496285165524
Cyclodomorphus_michaeli 0.437319597795289 0.516358962331883 0.582856152256383 0.828493458810231 0.736201985249537 0.936403489435042
Cyclodomorphus_praealtus 0.788219161298082 0.642919381156674 0.764216837734899 0.954520974557275 0.786076096694226 1.00681175089135
Cyclodomorphus_venustus 0.585769682690361 0.618443031764984 0.660283723385724 0.864785980183724 0.729156322514246 0.908507152326744
Egernia_cunninghami 0.73225143486807 0.660908038289969 0.861751182758538 1.06244615817918 0.906350066185347 1.24558310142016
Egernia_cygnitos 1.02085247883034 0.884533670052087 0.8591469844444 1.05470139297392 0.955616389753611 1.01977546792577
Egernia_depressa 0.829778070972222 0.830076982381074 0.816625968982749 1.11209989663262 0.874913693708824 1.122412340238
Egernia_douglasi 0.817526265739473 0.700779129566457 0.611885371059084 1.14198848429138 0.877825865260308 0.988794907130345
Egernia_eos 0.990033072895912 0.831771655248609 0.82877427991438 1.06811470035258 0.958111025586371 1.1049824169636
Egernia_epsisolus 1.07159150946318 0.899965241681288 0.853993919953996 1.01259497991315 0.992367598353146 1.05565478459772
Egernia_formosa 0.81632948916587 0.703340923435217 0.75454692868073 1.03688936062639 0.884819133461506 1.19889123112605
Egernia_hosmeri 0.849995854743654 0.798368476507934 0.828568805606607 1.00066006639234 0.848646119364942 1.09041746907666
Egernia_kingii 0.760300480491965 0.723345408154563 0.89312866039203 0.975728499078987 0.888449594385486 1.28788904551559
Egernia_mcpheei 0.798682393537414 0.786226029509332 1.03846740107799 1.06616642108781 1.00552359621425 1.40068535505248
Egernia_napoleonis 0.807493067033079 0.691503218543688 0.922990040812174 1.0736454105923 0.948455234177409 1.41816483308841
Egernia_pilbarensis 0.864822265439055 0.77453172405581 0.649610627402745 1.09970322187635 0.941511682396087 1.01851497145526
Egernia_richardi 0.651089750154327 0.655614348835038 0.807490044550907 0.967359197936033 0.905372196010291 1.31635657617488
Egernia_rugosa 0.775871290134237 0.732705840326483 0.641096325547109 0.965305463353668 0.894725270275507 0.912519311714995
Egernia_s.stokesii 0.865862388171393 0.735247782163521 0.862834897303661 0.948902137686332 0.8780588513814 1.0665417828325
Egernia_s.zellingi 0.77310508812159 0.819291821105867 0.864053037640012 1.03768094126609 0.897600191433118 0.993394896881989
Egernia_saxatilis 0.744432044305634 0.679130987787596 0.97330002527848 1.07310238866273 0.902691075396409 1.41650912117524
Egernia_striolata 0.704606930351177 0.66958347345243 0.970977314570556 1.0498909263171 0.896644830097686 1.42716892404918
Liopholis_guthega 0.696213272724252 0.69885330138572 0.873849486945879 0.92174714980394 0.873472339994241 1.26570516969805
Liopholis_inornata 0.838736712864078 0.744365265177768 0.938425887822563 1.0330304413619 1.00438027511333 1.31641431306339
Liopholis_kintorei 0.889212842177049 0.765736071560818 0.811072169351139 1.04927115376892 0.985725577804057 1.05941393316421
Liopholis_margaretae 0.676810104245922 0.753646033955 0.888245144863811 1.08823653637609 0.948460536586174 1.34926072311828
Liopholis_modesta 0.730241540701361 0.702421083597948 0.838250374161672 0.929712399802306 0.862979669364706 1.30610681943672
Liopholis_montana 0.761453725674066 0.695863157224914 0.909974897909502 1.02965883746471 0.89753530734156 1.44035380485178
Liopholis_multiscutata 0.606286411262829 0.724288464461635 0.953697925793439 1.03998955803751 0.996913897714048 1.36916056493929
Liopholis_personata 0.593917578349437 0.716104128797716 0.897697105334294 1.22685271062353 0.866160360620752 1.45509073282944
Liopholis_pulchra 0.789580498494852 0.677039781636435 0.823335531630433 1.04238415091452 0.937599909755348 1.35005768698438
Liopholis_slateri 0.868652684068071 0.730653905990421 0.925154428385892 1.04781719933499 0.977749473443429 1.29066470545642
Liopholis_sp.nov 0.839037836751821 0.75509330330312 0.894865026472559 1.01976308230764 0.951303462796079 1.23308814667849
Liopholis_sp.nov2 0.812672985232859 0.756144079235256 0.929088950059605 0.95595417271193 0.977222473978355 1.20445748224595
Liopholis_striata 0.848628710242329 0.749940630576447 0.857698544250603 1.07725362883262 0.974984962168361 1.17265703778098
Liopholis_whitii 0.678851391731385 0.653463453504033 0.836776982630104 1.02978838878091 0.878012671117388 1.35178944381354
Lissolepis_coventryi 0.579311774974211 0.622879704244665 0.734633213877416 1.02030422978491 0.841427772211091 1.27409627305548
Lissolepis_luctuosa 0.675488178641488 0.632153033733401 0.799707021315708 1.03618574976073 0.826196753811452 1.31664257778606
Tiliqua_adelaidensis 0.808881146022891 0.645188561882879 0.734964598513301 0.868731837109839 0.701263184131534 0.854949185850069
Tiliqua_gigas 0.744611207279875 0.682584093276139 0.570392193522837 0.715312685688249 0.732748879025705 0.66186074873572
Tiliqua_multifasciata 0.778199640869076 0.752355070557502 0.594915836855666 0.970398185907682 0.810341780528724 0.575123476047435
Tiliqua_nigrolutea 0.776178738410059 0.713070944846714 0.663084932598665 0.925121830743078 0.780238516054571 0.690814663831266
Tiliqua_occipitalis 0.764523014626391 0.73762010160658 0.630426088539284 0.935894222530081 0.835521646657977 0.641215096348005
Tiliqua_rugosa 0.876472183061605 0.829807025261736 0.611396520229794 0.94639672589243 0.819657475430046 0.626450059283045
Tiliqua_scincoides 0.746914023060155 0.676639758233345 0.683852868749105 0.835828108130661 0.711419805967752 0.692244358705558
Tribolonotus_blanchardi 0.766507648050742 0.781139952639082 0.790144447770368 1.2009745381353 1.16495655761016 1.55102428636406
Tribolonotus_gracilis 0.920834399601065 0.806488848822169 0.884742547131399 1.08718502871125 0.937567894837001 1.09423934533032
Tribolonotus_ponceleti 0.782133431631382 0.724332431564804 0.87589626297364 1.08453312215602 0.928164673613191 1.33364524083087
Tribolonotus_pseudoponceleti 0.887954330669145 0.684077977583978 0.786380219042785 1.1380669281147 0.944384392683789 1.35250116377035
