Bellatorias_frerei 1.17570610081307 0.942265907726767 0.649225334125746 0.396841884962333
Bellatorias_major 1.19935753255497 0.845210043817785 0.623299580177444 0.423132125147943
Bellatorias_obiri 1.11602279579985 0.778873161114515 0.63234192380339 0.353975169202167
Corucia_zebrata 1.34523677037836 1.0099475098922 0.760976714161358 0.378019047765539
Cyclodomorphus_branchialis 1.12401151385729 0.937219835215748 0.995629296632231 0.506709490156189
Cyclodomorphus_casuarinae 1.10200879323232 0.853516614366207 0.889529973622165 0.498985099913108
Cyclodomorphus_celatus 1.07691032820253 0.952401282491456 0.84508191846437 0.460869303527573
Cyclodomorphus_gerrardii 1.25275745815543 0.995781569303033 1.11198381386378 0.565398145891376
Cyclodomorphus_m.elongatus 1.0986172466301 0.926001428093735 0.835375319336499 0.461318298661523
Cyclodomorphus_m.melanops 1.16749468288499 0.913185570969556 0.852306532904919 0.40945790698321
Cyclodomorphus_m.siticulosus 1.15070903993848 0.912059315775466 0.873265358372285 0.519571484668805
Cyclodomorphus_maximus 1.04023100295622 0.777086692922844 0.791611677837289 0.448337867692557
Cyclodomorphus_michaeli 1.04620667849187 0.927884276490978 0.832043130870257 0.529374426551981
Cyclodomorphus_praealtus 1.2108315011784 0.927946973469466 0.974237168912746 0.522907763340761
Cyclodomorphus_venustus 1.13698553578382 0.796853621316342 0.820359627844848 0.503028539710021
Egernia_cunninghami 1.27377226278877 0.879605553034054 0.7046179074292 0.481141940889385
Egernia_cygnitos 1.05747084958567 0.803603993508793 0.569123333714154 0.417264796169988
Egernia_depressa 1.27680008290989 0.938731279498654 0.584670715713857 0.479005532684793
Egernia_douglasi 1.157396735766 0.818118890796189 0.617811621626242 0.37290931693843
Egernia_eos 1.17736903128524 0.904158269570245 0.550617848897908 0.451104987801498
Egernia_epsisolus 1.07542245294045 0.801280137706701 0.644058217399362 0.403015253809261
Egernia_formosa 1.12988565730653 0.813491876784507 0.69160352676685 0.400748257677099
Egernia_hosmeri 1.40490581231648 1.00605900790719 0.738642685999944 0.413356459730439
Egernia_kingii 1.1430289815987 0.859133813487341 0.755812396771402 0.415481963152542
Egernia_mcpheei 1.21072580362423 0.83326519366801 0.854408232610413 0.534640256047413
Egernia_napoleonis 1.07118103704083 0.657001988823048 0.628250964055848 0.539369224632675
Egernia_pilbarensis 1.14406381231261 0.755908645995303 0.697319186928539 0.441094927545494
Egernia_richardi 1.11848079387178 0.802512986002125 0.727103007990273 0.528473125907056
Egernia_rugosa 1.20403509108728 1.02149717316258 0.614873527636284 0.389425576766597
Egernia_s.stokesii 1.1887659141498 0.895531798675168 0.662242002381637 0.397120302107379
Egernia_s.zellingi 1.35319524889531 0.995200551052156 0.603943802705925 0.452458921271898
Egernia_saxatilis 1.098803767057 0.720616364869644 0.812945773122955 0.465139076374474
Egernia_striolata 1.14845905185071 0.750713759686238 0.790540011307387 0.51899738661773
Liopholis_guthega 1.18499572204745 0.9390959095793 0.796157214908395 0.448050578546269
Liopholis_inornata 1.1871061256547 0.911589576492855 0.585365219739782 0.36431531004923
Liopholis_kintorei 1.19030706405345 1.01848012680071 0.666184254068141 0.320754455180236
Liopholis_margaretae 1.18877716780393 0.845195226799859 0.721494829324961 0.50651770684105
Liopholis_modesta 1.12100077151989 0.8709803236951 0.650053164344464 0.438399490694966
Liopholis_montana 1.08186742212107 0.822897763933904 0.687570096846285 0.457437671339346
Liopholis_multiscutata 1.13680456006745 0.871054395075132 0.647117086031976 0.475095067932409
Liopholis_personata 1.14397707916702 0.855305853137952 0.688527812490061 0.481412075115548
Liopholis_pulchra 1.08375202131047 0.913109555927192 0.730114184800679 0.463449423029587
Liopholis_slateri 1.21097562637045 0.91839040215854 0.639421731679077 0.36103464102477
Liopholis_sp.nov 1.25387053117307 0.993683227255617 0.745109608791017 0.406071493114711
Liopholis_sp.nov2 1.27665776812407 0.983379087502846 0.704092710346375 0.383389114934234
Liopholis_striata 1.21821334921895 0.926025613500535 0.641457722014191 0.349373556994074
Liopholis_whitii 1.09696392719614 0.899616071969234 0.718510189645542 0.484578473122078
Lissolepis_coventryi 1.03004502697952 0.903945979660157 0.688231598150347 0.450201935794694
Lissolepis_luctuosa 1.00725278951052 0.904508632888678 0.762672832195443 0.517578511142583
Tiliqua_adelaidensis 1.3276658035439 1.1090786186672 0.987630804655598 0.582364216585775
Tiliqua_gigas 1.58840862911872 1.13764015546023 0.868236676434788 0.617698586922
Tiliqua_multifasciata 1.68480426714692 1.11041687063368 0.996733475908716 0.533494089058222
Tiliqua_nigrolutea 1.44401216093222 1.0480388485336 0.846101158733834 0.552963463991288
Tiliqua_occipitalis 1.51157479725285 0.93547658351813 0.844535688665908 0.586748008539461
Tiliqua_rugosa 1.81341063455159 1.16686479190788 0.957392071543427 0.492017319925807
Tiliqua_scincoides 1.40984172961998 0.977804976500273 0.867572936093585 0.610222007939713
Tribolonotus_blanchardi 1.05690261603472 0.800274504793065 0.841920294775264 0.392821100102363
Tribolonotus_gracilis 1.47139920363833 1.16658710414452 0.894749833497989 0.431625744762231
Tribolonotus_ponceleti 1.49874935689007 1.11583593075631 0.960486643423721 0.458040166774447
Tribolonotus_pseudoponceleti 1.36342311125705 0.983339338719705 1.01646924609604 0.431416925724861
